332512.5625	3063395.75
332628.3438	3064147.5
332630	3062333.75
332630.4375	3064908
332786.8125	3064976.5
332791.2188	3064932
332793.875	3064371.75
332799.9063	3064463.25
332812.5938	3064239.25
332813.7188	3064259
332816.625	3064606.25
332824.1875	3064856.75
332825.0938	3064818.25
332828.7188	3064212.5
332839.6875	3063852.5
332849.9688	3064263.75
332851.7813	3064802.25
332869.6875	3064721
332870.1563	3064376
332870.8125	3065190.25
332872.5313	3064503.5
332872.6875	3064902
332873.4688	3064451.25
332875.4688	3064452.5
332879.6875	3064472.5
332880.2813	3062948.25
332893.9063	3064569
332895.9375	3065262
332897.1563	3065025.25
332899.0938	3064938
332903.5	3064599.25
332904.7813	3064378
332905.0938	3064065.5
332906.875	3064128.25
332907.4063	3064654.75
332911.5938	3065345.5
332915.9688	3064000.75
332919.1563	3064934.5
332921.9375	3064946
332923.2813	3064756.5
332925.3125	3063971.5
332925.4688	3064646.5
332926.4063	3065083.25
332933.9688	3064749.5
332939.4063	3064189
332940.6875	3064989.75
332951.8438	3064238.75
332969.375	3065121.75
332981.6563	3064618.25
332983.0313	3063887.25
332989.6563	3064017.25
332992.8438	3064060.75
332999.2813	3064608
333006.4375	3065211.5
333008.125	3064088.5
333008.3438	3064834.5
333022.6875	3064477.25
333022.6875	3064717.25
333025.1563	3063864
333031.4688	3064120
333051.9375	3064779.75
333052.7813	3064857.5
333058.5625	3064522.75
333059.3438	3064748.75
333059.8125	3063840.5
333062.3438	3064963.5
333063.5313	3064704.75
333064.5625	3063490.5
333067.6875	3063478.5
333067.875	3063481.5
333068.0938	3063906.5
333078.1563	3064574.5
333082.4063	3065030.75
333084.0313	3065035.25
333084.5625	3064522
333101.1875	3065081.25
333101.375	3064429.75
333119.7188	3065292.75
333121.625	3062144
333122.6875	3065164
333131.125	3063983.5
333132.3438	3065510.75
333133.1875	3065050.25
333135.0313	3065472.25
333135.4375	3065026
333140.0313	3065212
333140.0625	3065402
333140.3125	3062369.25
333144.6875	3064960.5
333147.0313	3066070.75
333148.5	3064059.75
333149.4063	3064833.25
333151.9063	3065280
333151.9063	3065092.5
333160.9063	3065277.25
333160.9688	3065305.75
333164.3125	3064882.25
333173.0625	3064910.75
333180.2188	3064909
333185	3064410.75
333186.875	3063757.25
333187.0313	3064655.5
333195.4688	3064210.75
333203	3065072.75
333203.8438	3063881.25
333204.3438	3065389.75
333206.8125	3064817
333209.4063	3064901.25
333220.9063	3065161.5
333227.375	3064765.25
333227.7813	3065064.75
333233.5625	3065395.75
333242.5	3065336.75
333243.75	3063916.75
333244.5313	3066387.25
333245.6563	3064974.5
333248.0313	3066363.5
333255.5	3065484.25
333256.0313	3063860.25
333259.2188	3065392.75
333259.9375	3065331
333262.9063	3065079
333265.5	3065166.25
333269.5313	3064191
333269.875	3064837.25
333272.9063	3065365.75
333276.8438	3063825.25
333280.4375	3063990.5
333283.6563	3065479.5
333289.5625	3065511
333292.6875	3064014.25
333293.4688	3064732
333298.1875	3065514.75
333299.3125	3065524
333299.3438	3065081.25
333309.3438	3065081
333310.0938	3062769.5
333329.7188	3065780.75
333329.75	3065774.25
333333.0938	3064102.25
333334.25	3065305.75
333345.2813	3065065.75
333347.7813	3064949
333351.25	3064312.75
333354	3064706
333358.0313	3064763.25
333360.5625	3065050.5
333361.4688	3063775
333363.2188	3064160
333364.5938	3065135.25
333370.5313	3065254
333371.6875	3065292.75
333374.4375	3065068
333374.6875	3064723.5
333376.25	3065649
333377.3438	3064362
333377.6563	3063685
333386.0313	3064208.25
333391.375	3066010.5
333396.9688	3065508.5
333397.8438	3063410
333400.25	3065502.75
333405.375	3064966.75
333409.8125	3066967.75
333410	3065570.5
333413.75	3064481.5
333420	3066768
333420.5625	3063957
333422.2188	3066472
333424.0625	3064754.25
333426.6563	3064750.5
333426.7813	3064025.75
333432.125	3064286
333432.1875	3064538.5
333432.2813	3063733.75
333432.8438	3065255.25
333433.5938	3066220.25
333440.4688	3065289.5
333454.75	3065333.75
333460.4688	3064125.75
333469.9063	3066247
333471.5625	3065301.5
333475.4688	3066487
333476.9375	3066746
333479.4688	3065144.5
333479.9375	3066282.5
333482.0938	3066602
333485.4375	3065490.5
333485.625	3065496.5
333487.1875	3064305.5
333490.125	3066191.75
333490.9688	3063239.25
333493.5313	3064645.25
333493.5938	3065554.75
333497.2188	3064821.75
333498.0313	3066478.75
333498.6563	3066468
333498.7188	3066493.25
333501.125	3066544.75
333501.4063	3064508.5
333505.4375	3066595.75
333508.9063	3066988
333511.6875	3064969.75
333511.9375	3064884.25
333513.9688	3066727
333516.75	3066987
333516.9688	3064586.5
333520	3065716
333522.4063	3066702
333524.125	3066704.25
333526.4688	3065173.25
333528.0313	3066790
333528.4375	3064945.25
333531.6563	3065241.25
333533.75	3065226.75
333538.1563	3066464.75
333538.7813	3062910
333543.1875	3066869.5
333546.625	3066887.75
333551.1875	3063915.25
333552.0625	3063521.25
333558.75	3063346.75
333559.9063	3065154.25
333562.5625	3066960.25
333563.4688	3066024.25
333566.2813	3063650.5
333568.2188	3063519.25
333569.4688	3066980.75
333570.3438	3066786
333572.0313	3064282
333573.3125	3063049
333574.0938	3063199.25
333575.875	3067038
333579.3438	3063462.25
333579.5313	3067058
333580.6875	3064473.25
333586.0938	3065061.5
333588.1563	3066860.25
333588.5938	3065949.5
333589.0313	3066619.75
333592.25	3065776
333592.6563	3067128.75
333593.1563	3065190.25
333593.25	3065693.25
333594.2813	3066179.75
333595.8125	3066408.75
333596.6875	3065942
333600	3066271.75
333601.125	3066518
333610.8438	3063446.25
333611.5313	3066585
333613.25	3063892.75
333614.5625	3063281.25
333615.0625	3065626.5
333616.0938	3066613.5
333616.2813	3063891.75
333616.3438	3063507.5
333619.5	3065349
333621.7813	3066954.5
333622	3065547.75
333622.8125	3064458.5
333625.7188	3066214.5
333626.5	3064075.5
333627.5313	3065153.25
333628.4063	3066690.5
333643.1563	3063256.75
333643.4688	3067241
333644.5313	3066767
333645.3438	3064070.25
333645.9375	3063979.5
333646.7813	3067032
333649.3438	3066464.75
333651.9063	3065348.25
333654.1875	3066497
333654.5	3066625.75
333656.0625	3065474.25
333657.75	3066986
333657.9063	3064616.75
333658.9375	3065467.75
333659.7188	3067031.75
333661.9063	3062457
333665.5	3064754
333666.9688	3066574.75
333667.125	3063157.25
333671.2188	3066396
333673.25	3064838.25
333674.375	3063328.75
333674.4375	3065761
333677.1875	3066262.5
333679.5938	3066114.25
333682.1563	3066492.25
333682.375	3066875.75
333683.6563	3064897.25
333683.875	3063588
333684.6875	3064899.25
333689.5	3066162.25
333690.6875	3064910.5
333691.75	3063148.5
333693.2188	3062737.25
333694.2813	3065996
333694.75	3066675.25
333697.375	3065463.75
333697.5625	3065034.5
333699.6875	3066197
333701.7188	3067009.75
333702.2188	3065919
333702.4063	3066918
333704.25	3062568
333705.8125	3065109.25
333706	3065468.75
333707.4063	3066235
333707.4375	3067085.25
333709.5313	3065168.5
333710.0938	3066107.25
333714.0938	3066755.5
333715.7188	3065914.25
333720	3066328.25
333721.8125	3066595
333722.5625	3066011.25
333724.0938	3063691.5
333725	3063207.75
333725.0938	3066408.5
333725.1875	3064902.25
333725.3125	3065353
333726.1563	3062603.75
333726.8438	3064785.5
333728.2813	3063296.5
333728.4063	3062166
333731.4063	3066191.25
333732.9375	3064883.25
333734.5625	3065447
333735.4063	3066909.25
333735.4375	3064233.75
333736.0938	3062164.75
333736.7188	3065583.5
333737.625	3064272.25
333738.5313	3065489.25
333739.4063	3065534.25
333741.1563	3065747.5
333742.4063	3066020.75
333742.5625	3064618.75
333743.7813	3064429.75
333746.1563	3065581.5
333747.5938	3065793.75
333747.8438	3065603
333749.9063	3064442.75
333751.4688	3065615.75
333752.4688	3064346.5
333756.375	3063394.25
333756.5313	3064412
333757.8125	3066660.75
333757.8438	3064493.25
333759.6563	3062917.5
333761.9375	3062926.25
333763.25	3063194.5
333764.2188	3067213.75
333765.875	3064485
333766.125	3063194.25
333766.75	3063844
333766.8125	3063142
333767.1875	3066402
333769.9375	3063194.25
333771	3062291.75
333772.2813	3062435.75
333773.9063	3066271.25
333774.4688	3062282.75
333775.7188	3066460
333775.8438	3066335.5
333776.25	3062468.25
333776.5625	3064440.5
333776.6875	3062914
333777.375	3065741.25
333778.5625	3063527.25
333780.0938	3063453.25
333780.2188	3067150
333780.5313	3064431
333781.2188	3066497
333782.0313	3066655
333782.3438	3066506.25
333787.1563	3063153.75
333789.7813	3065577
333791.6563	3062144
333793.4688	3062413.5
333796.3438	3063184.25
333797.1563	3062429.5
333797.375	3066885.25
333799.0313	3063717
333799.125	3065890.75
333800.6563	3063676.25
333804.6875	3064381
333804.9688	3067182.5
333810.5625	3066049
333811.8438	3067106
333813.5313	3066055.75
333814.8125	3062785
333818.9063	3064875.75
333819.875	3064879.75
333827.75	3063971.5
333827.9688	3063527.25
333829.75	3063732
333830.0625	3065068
333832.125	3066514.25
333832.375	3064876.75
333832.75	3066076.5
333833.875	3066095.25
333834.8125	3067100.5
333840.625	3063478.5
333840.6563	3063826
333845.0313	3062480.5
333846.4375	3064840
333847.0313	3066251.5
333847.2188	3066178.5
333847.2813	3062639.5
333850.375	3067263.5
333852.5	3067228
333852.5	3066218.5
333852.5313	3065038.75
333853	3067160.5
333856.0625	3066249.25
333858.375	3067177
333860.9688	3066283.5
333861.25	3062901.5
333863.875	3067030.5
333865.6563	3066316.5
333868.2188	3063620
333872.4063	3066620.5
333874.875	3067091.25
333875.75	3066383.5
333876.1563	3063056.25
333876.25	3066636.25
333878.0625	3062144
333880.1563	3062410.5
333881.4063	3065813.25
333882.25	3062155.5
333883.0938	3065057.5
333883.5313	3062405
333884.2188	3064178.5
333886.7188	3062998.75
333888.7188	3062954
333890.375	3064821.5
333891.1563	3063732.75
333893.3438	3062423.75
333896	3063582.75
333897.125	3066505.75
333898	3065846.75
333898.5625	3062993.5
333898.9063	3062216.25
333899.1875	3066082.75
333900	3064858.25
333900.0313	3062456.25
333900.2188	3067181
333900.375	3062949.25
333903.7188	3062444.25
333908.1875	3067169.5
333908.6563	3062247.75
333911.6875	3062988.25
333912.3438	3064434.25
333912.375	3066177.75
333913.1875	3064250
333913.75	3062144
333915.5938	3064734.5
333915.6875	3063834.5
333917.5938	3066306.25
333917.7188	3064826.25
333918.6563	3066628.25
333919.125	3062942.25
333920.625	3066945.5
333921.5938	3066240.5
333923.5625	3063666.25
333925.5313	3063278.5
333926.3438	3067009.5
333926.375	3063105.75
333927.0313	3067192.75
333928.5938	3064779.75
333929.1563	3062981
333930.1563	3062904
333931.7188	3063134.75
333932.125	3064792
333935.25	3066719.25
333937.2813	3066160.75
333938.0625	3064220
333941.0313	3062542.5
333942.25	3062935
333942.6563	3063265.75
333944.1563	3064807.25
333944.375	3062570
333944.6563	3063832.25
333944.9688	3063004.5
333947	3062656.5
333947.1563	3064849
333947.9688	3063131.25
333949.1875	3062588.5
333953.25	3063895.5
333953.8125	3062570.25
333954.2188	3062677.5
333954.2813	3066207.75
333954.625	3067301.25
333954.75	3062655
333955.3438	3063086.75
333955.8438	3062602.75
333956.6563	3062999.75
333957.2188	3062386.5
333957.7813	3066102
333959.125	3063783.75
333961.6875	3066997.5
333963	3062677.5
333963.0313	3063129.25
333963.1875	3063776.75
333967.1875	3062190.5
333967.2188	3066760
333968.9063	3063876.75
333969.5313	3062844
333971	3062719.5
333971.4375	3062558.25
333971.9688	3066712.25
333973	3062566
333973.125	3064859.75
333973.5	3063882.5
333974.625	3066265
333975.8125	3067032
333976.75	3063864.25
333977.3438	3065040.25
333977.9688	3063398
333979.0625	3062559.5
333979.6563	3062920.5
333980.8438	3062643.75
333981.0938	3062639
333982.4688	3066142
333982.5313	3067304
333982.75	3067307.75
333983.4688	3063300.5
333984.5	3066988.25
333985.2813	3063874.75
333987.4688	3064824.5
333994.1875	3065799.25
333996.0938	3063745
333998.625	3065593
334000.0625	3063356
334000.5938	3065558.5
334002.0313	3065531
334003.0313	3065519.5
334004.4375	3062783.25
334004.5313	3065490.5
334004.9688	3063553.75
334007.0625	3063659.25
334009.9063	3067255
334009.9688	3064989.5
334010.125	3067629.5
334010.3125	3065367.25
334011.625	3066188.5
334013.2188	3067074.25
334013.4063	3062834
334014.0625	3066153.5
334016.9063	3063381
334017.5625	3064492.75
334019.6563	3065092.75
334023.75	3063850
334023.875	3064468.75
334024.2188	3066126.5
334024.9375	3063117.25
334027.8438	3065363.75
334031.7813	3067092.75
334033.9688	3063232.25
334035.75	3064885.5
334036.5938	3067051
334037.0938	3062901.75
334037.3125	3065362.5
334037.6875	3065242
334043.0625	3064490.75
334043.1875	3067118.25
334043.7188	3066134.25
334043.75	3062545.5
334044.0938	3063369.75
334044.875	3062144
334045.1875	3062901.75
334047.1563	3063018.75
334047.375	3067108
334047.4063	3064522.25
334047.75	3062772.5
334047.8438	3066001.5
334049.3438	3064849.5
334053.0938	3062941.25
334055.5938	3065499.5
334056.0938	3063826
334056.1563	3066310.25
334056.5938	3062346.25
334058.0938	3063646.25
334058.6875	3065062.5
334059.6563	3063228.75
334059.9375	3062939
334060.7188	3066182.75
334063.3438	3066337.75
334064.0313	3066343.5
334064.125	3066693
334066.0313	3065003.75
334066.1563	3066355
334066.25	3064081.25
334066.6875	3063998.75
334067.375	3063976.75
334070.2188	3066728
334070.4063	3065426.25
334073.3438	3062716.75
334074.0313	3067091
334075.7188	3062595.5
334076.625	3064903.25
334076.9063	3062683
334077.1563	3065994.75
334077.5313	3066108
334079.25	3063990.5
334079.4688	3063009.75
334080.5938	3064282.5
334081.5625	3062379
334081.6563	3065357
334081.7188	3066346.25
334081.8125	3066794.75
334082.4375	3065749
334084.3438	3065383.25
334085.1875	3066814
334086.0313	3065408.75
334086.125	3066143.75
334086.5313	3066502.75
334088.6563	3063368.75
334089.1563	3066725
334089.4063	3065766.75
334090.4375	3064043
334090.7813	3066184.25
334092.0313	3066209.75
334092.3125	3066196
334093.5625	3065804.5
334093.9063	3066226
334094.5625	3066885.5
334096.625	3064070.5
334097.9063	3066793
334099.125	3067118.5
334099.125	3066182.25
334099.5	3063037.75
334099.625	3062405.5
334099.8438	3064872.75
334100.4375	3066812
334100.9375	3064088.25
334103.0313	3064569.25
334104.7813	3064110.25
334105.5938	3065420.75
334107.0313	3066582
334107.0313	3064044
334108.1875	3066122.5
334109.4063	3063672.25
334109.6563	3063033.75
334109.9688	3066883.25
334110.8438	3064073
334111.8438	3065010.5
334112.9063	3063101
334115.25	3066203.75
334115.9375	3065003.25
334116.3125	3065349
334117.5	3062250.25
334120.5625	3066222
334120.6563	3065020.5
334120.9375	3066334.75
334121.1875	3063097.5
334121.6563	3066216.75
334122.375	3062440.25
334122.8438	3065031
334124.1875	3067262.5
334125	3067161.5
334128.5313	3065762.25
334129.3125	3063716.25
334129.4375	3067154.25
334130.0625	3062451.75
334131.0938	3066735.75
334132.125	3065800.5
334133.375	3066370.25
334133.5313	3064173
334134.9688	3067327.25
334136.0625	3063153.5
334136.4688	3066199.75
334137.8438	3063313.5
334141.1563	3065896.75
334141.2813	3064190.25
334142.0938	3062939.75
334142.25	3066424.5
334142.625	3063150.5
334143.7188	3063499.75
334146	3064201.75
334148.0313	3063494
334149.8438	3067177.5
334150.5938	3062144
334153.1875	3065917.5
334156.2188	3062993.75
334156.5625	3062220.75
334158.9375	3062378.25
334159.25	3062230.5
334159.3125	3063184.25
334159.3438	3063359.5
334161.375	3063344.75
334161.5	3062984.5
334161.5625	3064240.25
334161.5938	3066571.5
334162.0938	3065993.25
334162.9688	3067490.25
334163.9688	3063190.5
334165.125	3064248.25
334165.3438	3066644.75
334166.5	3067436.75
334171.5313	3062419.5
334172.0938	3063035.75
334173.0938	3062336.75
334176.375	3063142.5
334180.7813	3065992.5
334181.125	3065006.5
334182.6563	3062541
334186.0625	3066418.25
334187.1563	3064584.75
334189.4688	3064353
334191.6875	3063235.75
334193.3125	3064359.75
334193.5313	3066207.25
334194	3065913.5
334195.3125	3062453
334196.5625	3063375.75
334197.0625	3063233
334198.2813	3064321.25
334199.5625	3063025.75
334202.3125	3063307.25
334202.5938	3066207
334203.6875	3063291.25
334205.6875	3062609.25
334208.625	3062386
334211.25	3066353.25
334211.9688	3063623.5
334212.2188	3064351.5
334212.5625	3064187
334212.875	3065752.75
334213.4063	3063069
334214.7188	3063628.75
334216.1563	3062437.25
334216.5625	3062484.5
334218.9688	3066351
334220.1563	3067409.25
334220.9375	3067629.5
334222.0625	3064667
334222.125	3065864.5
334223.8125	3063308.25
334224.625	3062669.5
334224.7813	3064371.5
334225.125	3063097.5
334225.2188	3065960.25
334225.9063	3064661.75
334226.6563	3062144
334227.875	3062517.25
334228.125	3065336.5
334229.25	3065990.75
334230.4375	3066429.75
334231.7813	3066443
334232.25	3066628.75
334232.4063	3064651.5
334232.5	3062975.75
334234.8125	3066775.5
334236.1875	3063211
334240.4063	3066681.75
334240.4375	3062358.5
334245.125	3067286.75
334245.2188	3063008.75
334246.0313	3066345.5
334246.7813	3066723.25
334248.6563	3063309.5
334249.0313	3064473
334249.9688	3063697.25
334250.8125	3067171.75
334252.5313	3062600.5
334252.8125	3066364.5
334255.5625	3064419.25
334256.3125	3063004.5
334258.625	3065467
334258.9688	3063169.75
334259.4063	3066384
334260.875	3064773.75
334261.5313	3063051.25
334267.4688	3067564.5
334270.25	3066412
334271.5625	3066522.25
334273.9375	3063112.75
334274.125	3064446.75
334275.375	3065745.5
334275.75	3066539.5
334276.8438	3065987.5
334279.5313	3066904
334280.625	3063085.5
334280.8125	3063121
334281.75	3063213.75
334282.4688	3063118.5
334282.6563	3064175.5
334284.2813	3062320.5
334285.2813	3063763.5
334285.8438	3063123.75
334288.3438	3063125
334288.4688	3064465
334288.6563	3063041.75
334289.5938	3066603
334289.8438	3064259.25
334292.4375	3066534.75
334294.0625	3063578.5
334294.6875	3066437.25
334297.9063	3067629.5
334302.2188	3062466.5
334304.8125	3067359
334305.625	3063206.5
334306.875	3063842
334315.5938	3067546.25
334315.6563	3064094.25
334316.5938	3067373.75
334321.1563	3066349
334322.0938	3064953.5
334325.8438	3064492.75
334326	3064970.25
334327.75	3066370
334327.8125	3062144
334328.3438	3064981
334331.3125	3062154.5
334332.5313	3064370
334333.125	3067230.25
334333.9688	3063034.75
334334.9375	3066669
334336.4688	3067185.75
334337.875	3063662.5
334337.9063	3064481
334338.0313	3063151.75
334338.4063	3063898
334338.9688	3062175
334339.8438	3063210.5
334341.5938	3064949.25
334345.7188	3063219
334345.9063	3063138.75
334346.3125	3064965.75
334346.5	3063033
334348.5938	3066758
334349.9063	3064976
334350.0625	3063282.25
334351.4375	3066210.5
334354.5313	3065852
334355.7813	3066804.5
334355.8125	3065986.25
334359.2813	3066057.25
334359.875	3064227
334362.0625	3066284.5
334362.9688	3067433.75
334364.8125	3064467.25
334365.5938	3064180
334365.6875	3066869
334365.9375	3066614.5
334366.6563	3062850.5
334366.875	3063882.75
334367	3063132.5
334368.125	3062824.5
334369.2188	3066502.5
334370.0938	3066648.5
334370.1563	3064521.5
334370.2188	3064463.75
334370.75	3064096.75
334371.6875	3066206.5
334372.0625	3062195
334372.2188	3065313
334377.0313	3063502.75
334382.5938	3066054.25
334383.125	3065311.25
334383.2188	3063100.25
334386.75	3066647.5
334386.8125	3062225.25
334387.4375	3063522.25
334388.3125	3066040.25
334390.0625	3066615
334390.5625	3062260
334390.9688	3066094.25
334392.6563	3064534.75
334392.875	3063470.25
334394.6875	3065458.5
334395.7188	3062227.25
334399.9375	3062256.25
334399.9375	3063545.75
334401.4688	3063385.5
334406.4063	3063966.5
334406.6875	3063189
334407.4063	3062732.5
334411.375	3065180
334413.8125	3062250.5
334417.5313	3063195
334418.9375	3064496.75
334421	3064456.5
334421.0938	3067088.5
334421.7813	3064510.25
334422.125	3065997.5
334422.7813	3066008.75
334424.5313	3064082.5
334425.5313	3064559
334427.625	3064253.25
334429.7813	3062385.75
334432.2188	3064546.75
334432.8125	3064436.75
334433.9375	3062383
334434.4688	3064563.75
334436.1875	3067267.75
334436.5	3062684.25
334436.9688	3066115
334437.75	3064422.25
334438.4375	3067301.25
334438.9063	3063618.75
334439.9375	3064148
334441.8438	3065093.5
334442.5	3065303
334443.8125	3064039.25
334445.1563	3066194
334447.5938	3067214.25
334447.9688	3065230.25
334448.0938	3062144
334449.5625	3064553.25
334451.1563	3062144
334451.4063	3067336
334456.1563	3067564.5
334457.1875	3065300.75
334457.3438	3066489.25
334457.4375	3064330.75
334458.7813	3064188.75
334461	3064194.25
334461.1563	3063852.25
334461.6563	3066032.5
334462.5313	3064724.25
334465.9688	3062615.75
334467.8125	3066416.75
334468.0938	3064716.25
334468.0938	3064950
334469.25	3064324.75
334469.75	3067629.5
334470.0938	3063366
334470.5938	3064059.75
334472.4063	3065454
334472.625	3066615.75
334473.3125	3062919.5
334473.9688	3064232.75
334474.0938	3062510.5
334474.5	3067594
334474.875	3062223.25
334476.75	3063026.5
334478.375	3064057.25
334479.75	3064230.25
334484.9063	3064934.75
334485.0938	3067393
334487.2813	3063522.5
334487.8438	3062753.5
334487.9375	3065984
334488.6563	3063915.25
334488.9063	3064945.5
334490.9688	3064821.75
334491.875	3062949.75
334493.5	3067379.5
334493.9063	3067622.25
334495.5625	3063735.25
334495.6563	3064883.5
334497.5938	3062880.25
334498.9063	3067629.5
334500.25	3064898
334501.375	3065456
334502.1563	3063934
334504.0313	3064937.5
334504.4063	3067262.75
334504.5625	3063012.75
334505.1875	3064885.25
334505.2188	3067471.25
334505.9375	3066186.25
334507.5	3067525.5
334507.9063	3064935.25
334508.1563	3064900.5
334508.625	3064939
334508.75	3067565
334509.5625	3062514
334510.75	3065456.25
334510.75	3062508.25
334511.8125	3064924.25
334512.8438	3062582.25
334513.1875	3064961.25
334513.6563	3066632.75
334517.7188	3064952.75
334522.9688	3063594
334526.2188	3065726.75
334527.25	3067168.5
334529.9375	3065805.25
334530.5	3065045.75
334534.4063	3064337.5
334536.3438	3066181.5
334539.4688	3064033.25
334540.8438	3065362
334544.4375	3065984
334544.75	3062485.75
334546.3125	3065455.75
334546.5625	3064394.25
334546.75	3065125.25
334547.25	3064925
334548.7813	3064200.25
334549.9688	3062814
334554.6875	3067082.5
334555.1563	3065455.5
334555.875	3065535.25
334556.0938	3062800.75
334558.7188	3062711.5
334559.3125	3066261.75
334562.8438	3062452.25
334562.9063	3063080.25
334563.8125	3066616.75
334564.8125	3065213.5
334566.3438	3063385.25
334566.6875	3064920.5
334568.5313	3067359.25
334568.6875	3063928.75
334569.4063	3065726
334571.0625	3066177
334571.0625	3065230.5
334572.3438	3067565.75
334572.4688	3065222
334573.3125	3067154.75
334574.5938	3062609
334578.5313	3065282.75
334580.3438	3062144
334581.1563	3062847.75
334581.875	3064824.75
334582.125	3066443
334583.1563	3065281.5
334584.375	3066241.75
334585.4063	3063977.5
334585.5625	3063694
334590.4063	3066240.5
334591.75	3064869
334595.2813	3064017.25
334597.3125	3062192.25
334597.9063	3064014.5
334598.0938	3063518.25
334599.0625	3062458
334599.4688	3066049.5
334600.0625	3063373.75
334601.1563	3063901.25
334603.5313	3065457.75
334604.5	3063011.5
334605.375	3062426.25
334606.125	3065447.5
334607.9688	3067007.5
334609.8438	3065724.5
334610.1875	3063075
334611.125	3063445.75
334613.0625	3064131.75
334616.6563	3064065.25
334617.0625	3063373
334622.8125	3062584
334624.5938	3062499.5
334624.6563	3063947.75
334626.5313	3063752
334628.5938	3063955.5
334629.75	3062187.75
334630.5625	3066236.75
334632.1875	3064228.5
334633.8438	3064369.5
334634.25	3065650.75
334635.4375	3067147.5
334637.4375	3067334.25
334637.4688	3065198.75
334637.9375	3063499.25
334639	3062478.75
334639.2813	3065842.25
334639.7188	3067594.75
334640.7188	3065723.75
334642.2813	3062692
334644.5	3067532
334646.2188	3062231.75
334648.5625	3062683.25
334648.5625	3062400
334653.0625	3065392
334654.125	3062273.75
334655.5	3066365.75
334657.6875	3065879.75
334659.1875	3063542.5
334661.8125	3062271
334662	3067338
334662.5313	3063036
334665.4688	3067540.25
334666.1875	3062651.25
334667.9375	3062562.75
334667.9688	3063729.75
334668.6875	3063909.25
334670.4375	3067469.75
334670.7188	3062883.25
334672.9063	3066231.5
334674.625	3065311.75
334675.2188	3065569.25
334679.625	3062837.5
334681.875	3067626.75
334682.8438	3063984.75
334683.5	3067043
334683.6563	3065608.75
334683.7188	3064013.5
334684.0313	3065862.5
334685.5938	3062144
334687.1563	3062872.5
334687.5938	3062908.25
334687.6875	3063674.75
334690.1563	3065374
334690.6875	3062914.25
334690.9688	3062631
334691.8125	3067629.5
334692.0938	3067500
334692.3438	3063721.25
334694.2813	3065875.25
334694.8438	3062161.25
334696.0938	3067533.25
334696.5313	3067492.75
334699.7188	3067067.5
334701.1875	3067486.25
334702.6875	3067286.75
334704.125	3064193.75
334704.9375	3063166.5
334705.2188	3062364.75
334707.8438	3063955.25
334708.4063	3062144
334711.25	3067104
334711.375	3065174
334712.4375	3064928.5
334713.1563	3064093
334713.2188	3065349
334713.4375	3062197.75
334713.5625	3064854.75
334714.7813	3065367.5
334715.2813	3062948.5
334717.75	3065471.5
334719.2188	3063152.75
334720.4688	3065860.5
334722.4688	3067408
334723.0313	3064268.75
334725.625	3065102.75
334725.9688	3064904.75
334727.0313	3065411
334727.4375	3067493.25
334728.6875	3062450
334728.9063	3064272.25
334730.6875	3065462.75
334733.7813	3066576.75
334734.1563	3064554.5
334734.5	3062244.25
334734.9375	3063957.75
334735.5938	3063369.25
334736.1875	3067615
334737.7188	3065516.75
334737.875	3062744.75
334737.9688	3064345.25
334739.5313	3067427.25
334741.9063	3065161
334743.5625	3067629.5
334744.0625	3063903
334745.1563	3063817.75
334746.3438	3064327.75
334747.3438	3067290.5
334748.9688	3065307.75
334749.3438	3062484.75
334751.375	3063872.25
334752.1875	3066291
334752.7813	3063444
334755.625	3067324
334755.7813	3066562.25
334756.4375	3067051.25
334756.9375	3064362.75
334757.9063	3066621.5
334763.8438	3063280.75
334764.5	3063662.25
334766.3125	3065348.25
334768.3125	3066527.75
334768.6875	3062314.5
334768.9063	3064241.75
334769.4375	3065358.25
334770.625	3062936.75
334772	3065136.75
334774.0625	3066529.25
334775.875	3065162
334779.5938	3067500.5
334780.9688	3062166
334782.1875	3064471.5
334788.6563	3063970.5
334788.9063	3063785
334789.0625	3067370.75
334789.4063	3064792.25
334789.4375	3063364
334791.6563	3067364
334792.0625	3067258.75
334794.875	3065126.75
334796.5	3063968.25
334797.125	3066251.25
334801.5625	3065260.5
334802.9375	3063738.25
334805.4375	3063422.75
334805.4688	3063805
334806.5313	3065149.75
334807.0625	3063782.75
334807.8438	3062770.25
334809.125	3067291.5
334809.3125	3066220.25
334810.125	3067125
334810.8438	3063963.25
334811.6563	3063738.25
334812.2188	3062402
334813.7813	3062399.75
334814.3125	3063023.25
334814.625	3066355.25
334817.3125	3065715
334820.0313	3063918.25
334820.5625	3063466
334821.0938	3062971.75
334821.25	3064784
334821.5938	3064057.25
334824.125	3063732.25
334824.7813	3065497.75
334825.4063	3062412.75
334825.5313	3066552.5
334828.4063	3067356.5
334829.0625	3067030.75
334830.7188	3067569
334833.7188	3062204
334837.0625	3063854.5
334837.4063	3063133.5
334837.6875	3067461.25
334838.0313	3067541
334838.0313	3067267.5
334838.9688	3067027.25
334839.4688	3067450.25
334840.875	3065790.5
334841.75	3062235.5
334842.5313	3062284.25
334843.1875	3065451.5
334844.2188	3064883.75
334845.25	3063986
334847.125	3065267
334848.4375	3066425.5
334849.125	3062868.75
334849.4688	3067284.25
334849.625	3066600.25
334852.25	3064003.75
334852.2813	3062301.25
334855.7188	3067629.5
334856.4688	3066972.5
334856.625	3062308.75
334858.5313	3062276.75
334859.1563	3066161.25
334859.5938	3065596
334860.5938	3066214.75
334862.4688	3062318.75
334864.5313	3062562.5
334864.6563	3066624.25
334864.75	3064046.5
334865.5938	3067010.5
334866	3065706.75
334866.2813	3065232
334867.125	3066802.25
334867.6563	3062291.75
334868.1875	3064186
334868.4063	3066570.5
334870.1563	3065177.75
334871.1875	3067581.75
334872.1875	3062299.25
334872.5625	3062922.25
334873.5	3067574
334875.0313	3062484
334878.125	3063144.25
334878.2813	3062310.5
334878.7813	3067289
334880	3065705
334880	3067153
334880.3438	3066016.5
334881.9375	3067299.25
334882	3065202.25
334882.8438	3067205.75
334885	3062728.5
334892.0313	3065795.5
334892.5625	3067336.5
334894.1563	3063734.25
334894.5313	3062538.25
334895.6875	3063749
334897.1563	3062530
334897.25	3065379.75
334897.3125	3067293.5
334897.4063	3063145.5
334897.4688	3066789.5
334898.375	3065108.5
334898.75	3065936.25
334898.8125	3063213.75
334899.0938	3062534
334900.9063	3063343.5
334902.0313	3063792.25
334903.375	3063224.25
334903.875	3062731.5
334904.75	3065294.75
334905.0625	3064176.5
334907.0313	3066801.5
334907.5938	3067217.25
334908.3125	3066376
334908.3438	3067415
334909.0938	3062354.75
334909.8125	3063388
334909.8438	3064762
334910.6563	3062562.5
334912.125	3065700.75
334920.5938	3065183.25
334920.625	3064425
334922.0313	3063271.75
334923.4688	3063425.75
334926.0625	3064031
334926.5938	3062731
334926.6563	3062235
334929	3062397.75
334931.25	3062735.25
334932.375	3065317.25
334932.9688	3067314.5
334933	3065955.5
334933.4063	3065974.75
334935.0625	3063904
334935.0938	3064481
334937.3125	3067313.25
334938.5625	3064158.25
334939.125	3062394
334939.25	3063335.5
334940.3438	3066009.25
334941.6563	3067012
334941.9688	3064895
334943.2813	3063897
334943.8438	3062427
334943.8438	3062685.5
334944.0625	3065806.25
334946.6875	3063357.25
334947.6875	3063623
334947.9063	3063071.25
334950.0313	3063135
334950.5938	3065241
334953.75	3062801.75
334955	3063704.75
334955.0313	3067311
334958.3125	3064134.75
334959.4063	3066200.75
334960.5	3063403
334960.875	3067132
334962.125	3064392.25
334962.1563	3067539.75
334965.9063	3067130
334968.4375	3066124.25
334969	3063728.75
334969.75	3065408
334970.8125	3062168.5
334971.625	3066342
334974.0938	3063744.5
334975.1875	3063747.75
334975.6875	3066269.75
334976.4063	3063790.5
334976.9688	3062489.5
334978.25	3066194
334979	3063810
334982.125	3063245.25
334986.0313	3065449
334986.7188	3062179.75
334987.0313	3062144
334988.4375	3066765
334988.7188	3066417.75
334988.8438	3063880.5
334989.25	3063895
334989.4063	3064020.75
334990.0313	3062298.75
334990.0938	3065088.25
334990.5	3062896.25
334990.5625	3063338.25
334991.4063	3064297.75
334994.1875	3062173
334994.6563	3067242.25
334996.0313	3062784.25
334996.25	3065722
334998.3125	3067355
335000.875	3063377.75
335001.4063	3064741.25
335002.375	3065489
335004.3125	3063005.75
335006.2188	3067114
335009.5313	3067629.5
335011.5	3067151.75
335012.0625	3064374.5
335014.0625	3067537
335014.3125	3067379.5
335015.6563	3063060.5
335015.9375	3066882.25
335017.4375	3067315
335018.2188	3065741
335018.4688	3065750.75
335019.2813	3065528.75
335019.9063	3062644.75
335020.7813	3065924.5
335024.0625	3065685.5
335027.0625	3066549.5
335028.3438	3063236.25
335028.5	3067326.25
335028.5938	3063831
335030.0938	3065949.75
335032.0625	3066255.25
335033.125	3066015
335034.4063	3067322.25
335036	3065739
335036	3067260
335036.0313	3062956.5
335037.5	3065743.75
335038.125	3067404
335041.5	3065297
335043.25	3065922.75
335043.3438	3063305.75
335044.5938	3065774.75
335044.6563	3062673.25
335044.7813	3062489
335045.4688	3066959.25
335050.0625	3066404
335051.3438	3063318.75
335052.4063	3064255
335052.625	3063005.5
335053.9688	3062233.5
335054.0938	3066654.5
335054.6875	3067529.5
335055.1563	3065812.75
335055.5	3066038.5
335056.4375	3065233.5
335057.4688	3065382.5
335057.75	3063427
335059.0625	3064092.75
335059.9688	3067392.25
335059.9688	3065460.25
335061.6563	3063335.75
335065.3125	3063871
335065.4063	3067224.5
335066.0938	3065619.75
335066.3125	3062756
335067.7188	3065876.5
335068.0938	3065365.25
335068.4063	3062415.75
335068.4688	3065879.75
335068.5938	3062396.25
335068.9063	3063116.75
335069.125	3062262
335069.9375	3062144
335070.4063	3062893.75
335071.4375	3063871.5
335071.7813	3067044.5
335073.9688	3065903.75
335074.625	3065907
335075.5938	3066738.75
335078.4063	3067353.5
335079.0938	3067131
335079.4375	3063287
335080.8125	3062751
335082.0313	3065939.25
335082.0313	3063598.5
335082.2188	3064356.25
335082.7813	3065263
335083.2813	3064270.25
335086.1563	3066780.75
335086.5	3062389.5
335087.0938	3065405
335087.2188	3063200.5
335089.4063	3064371.75
335089.875	3062252.5
335090.9375	3063695
335091.9688	3062550.25
335092.5313	3065985.25
335092.5625	3063685.75
335093.375	3062404.5
335094.6875	3062775
335095.625	3067363.25
335096	3062383.25
335096.125	3065998.75
335096.5313	3062926.75
335097.25	3067601.5
335097.4063	3063780.75
335097.6875	3062780.5
335097.8125	3065729
335098.3125	3064172
335100.4063	3062401.25
335101.5625	3062261
335101.6563	3062290.25
335102.4375	3063265.5
335102.875	3062263.25
335103.0625	3065688.25
335103.125	3066025
335103.7188	3062347.25
335104.5625	3066029.25
335106.5	3063466
335109.6875	3067202.25
335111.0313	3066746
335111.6563	3065866
335112.0938	3063657.25
335112.125	3065055.25
335113.6563	3067603
335115.7188	3062965.25
335116.0938	3062818.75
335116.3125	3064048.75
335116.4063	3066071.75
335116.4063	3066484.25
335116.5938	3066774.5
335116.75	3062283.5
335119.4688	3062975
335120.4063	3067629.5
335120.5313	3062621.5
335121.0625	3064214.25
335121.125	3065893
335121.9063	3063490.25
335122.7188	3063119.25
335123.0625	3064056
335123.3438	3062339.25
335123.5625	3062298.75
335124.4063	3066939
335126.0313	3063480.75
335126.0313	3066517.25
335126.4375	3064042.25
335128.5625	3067500.5
335129.2813	3065164.5
335130.0625	3065173.75
335130.2188	3066516.5
335131.0313	3064051.5
335131.1563	3065187
335134.3125	3062370.5
335135.0625	3065682
335135.75	3062335.5
335135.7813	3066538.75
335137.0625	3062859.75
335137.4375	3064306.5
335138.4688	3065969
335139.5	3066630
335140.0938	3066150.5
335140.5	3062727.5
335141.0625	3064897
335142.3125	3063950.5
335144.8438	3062278.25
335145.0625	3062949
335145.3125	3066650.5
335145.6875	3064705.25
335146.0313	3063107.75
335147.0938	3063847
335150.1563	3065100.75
335150.9375	3063444.5
335151.8125	3062424.75
335152.1563	3066510.5
335153	3064295
335153.3125	3062893.25
335153.4688	3062755.75
335155.25	3066618.5
335155.8125	3067055.5
335158.8438	3065286
335159.4063	3063189.25
335162.625	3062144
335164.125	3065327
335164.7813	3063592.75
335165.0625	3067494.75
335165.0938	3062420.5
335165.7188	3062612.5
335166.5	3063968.5
335167.6875	3065279.75
335169.4688	3065764
335170.3438	3066531.25
335170.3438	3063079.5
335171.5938	3062792
335171.625	3067568
335172.125	3062933.75
335172.375	3067593
335173	3067136.5
335173.2813	3064016.75
335173.4063	3063652.5
335173.5	3067453.75
335173.6875	3067629.5
335173.875	3063163.25
335175.4688	3064028
335176.5625	3063092.5
335178.25	3062649.5
335179.625	3064122.75
335180.9375	3064089.25
335181.0938	3063342.5
335181.2813	3064468.75
335181.9375	3066315.5
335184.2813	3064852.75
335185.7813	3064096
335186.7813	3065264.25
335186.8438	3063643.5
335188.0625	3063411.25
335188.1563	3064008.75
335189.8125	3062830.75
335190	3063118.5
335190.125	3062277.5
335192.0938	3063045.25
335192.6563	3067212.25
335193.375	3066812.25
335195.7188	3066819.25
335196.0625	3062920.5
335196.2188	3064271.75
335196.75	3065031.5
335198.9375	3064015.25
335199.9063	3066386.75
335202.9063	3067257.5
335203.0938	3062706.5
335203.5938	3062866.5
335204	3065414.5
335205.6875	3064201
335207.25	3063083.75
335207.7813	3067318.75
335207.9688	3065349.25
335208.2813	3064266.75
335210.5938	3063010.75
335211.0313	3065027.25
335213.5	3063296
335214.9688	3065167
335215.0313	3063791.25
335215.4063	3062278
335218.0625	3063994
335218.7188	3066714
335221.1875	3066724.75
335222.4375	3067470.75
335223.2188	3062905.25
335223.4375	3064002.5
335223.4688	3066732.75
335223.9063	3063360.75
335224.875	3066927
335226.3125	3065989.5
335226.9375	3062980.25
335228.1875	3066489.5
335229.0625	3063655.75
335230.8125	3066000
335232.5625	3066068
335232.75	3067528
335232.8125	3064247.25
335233.125	3062780
335234.4063	3065245.25
335235.5	3065578.5
335237.625	3066124.5
335238.4375	3064254.75
335238.7188	3065060.25
335239.25	3065985.25
335240.7188	3064030.75
335241.7188	3062952.5
335241.875	3065991.75
335241.9063	3064259.5
335243.2813	3064176.25
335243.5625	3065938.75
335244.5	3066806.25
335245.1875	3062597.75
335245.6875	3065983.25
335247.4063	3067468.5
335247.5313	3064037.25
335248.125	3063879.5
335250.375	3062721
335251.7188	3062287.75
335252.7813	3062564.25
335253.875	3063318.25
335255.7188	3063793.75
335256.3125	3062885.25
335256.75	3067386.25
335259	3064246.5
335259.25	3065316.75
335259.8125	3062301.25
335260.1875	3062832.75
335263.5	3065639.75
335264.1875	3067492.75
335268.0313	3065921.75
335268.7188	3062843.5
335268.7813	3064213.25
335272.0938	3063393.75
335273.6875	3065666.5
335274.4375	3066915.25
335274.875	3066041.75
335275.9063	3066271.75
335278.6563	3064920.5
335279.1563	3064239.5
335280.9375	3063226.75
335281.6563	3065676
335282.0313	3064604.5
335282.0938	3066938.75
335283.5	3067409
335284.1563	3067497.75
335285.7188	3063577.5
335286.0625	3064237.25
335286.9063	3063680.75
335287.875	3066429.75
335287.9063	3064867.25
335288.4375	3063792.75
335290.7813	3064722
335292.4063	3064153.5
335293.375	3066308.25
335293.6563	3065966.25
335294.7813	3067593.75
335294.9688	3067421
335297.125	3067491.75
335300.2813	3066687.25
335300.5625	3064452
335300.75	3065279.25
335301.1563	3063173.5
335301.5	3062877.5
335301.5625	3066791.5
335302.3125	3066693
335302.8125	3067431.75
335306.4688	3064488.75
335307.75	3064412.75
335308.7188	3067442
335309.4063	3062883
335311.1875	3065053
335314	3063412.25
335314.9375	3063166.5
335315.4375	3065014.75
335315.7188	3065222
335316.5	3064897.25
335318.3438	3066468.75
335319.4063	3065339.5
335321.3438	3067006.75
335321.4375	3067163.75
335321.6563	3067549.5
335321.9375	3064605.5
335322.0625	3063703.75
335326.6563	3064449.25
335326.8438	3066100.5
335327.4375	3062549.25
335328.875	3063938.25
335329.625	3067475
335330.7813	3067137.75
335331.1875	3067092
335331.9375	3066900
335332.3438	3065266.25
335332.8125	3067570
335333.4063	3063532
335335.0625	3066384.5
335335.5938	3065541.5
335335.875	3064137.75
335340.2813	3066096.75
335341.2188	3064923.25
335341.5313	3065262.25
335343.875	3067526
335345	3067534.5
335347.4688	3064110.5
335348.7188	3067608.75
335348.75	3063245.75
335350.0938	3064711.25
335350.1563	3067237
335353.3438	3063351
335356.7188	3063218.25
335359.6563	3066288.75
335360.0313	3062220
335361.1563	3063547.75
335362.4375	3063608.5
335362.7813	3067402.25
335363.1563	3063250.75
335364.1563	3067321
335364.1875	3063719.5
335366.3438	3064608.5
335366.3438	3066668.75
335367.5313	3064861.75
335371.1875	3062264.75
335371.5313	3066345.75
335371.5938	3062926.25
335373.8125	3064319.75
335374.0938	3067468.75
335376.7188	3062520
335377.0313	3066087
335378.3438	3067597
335379.5938	3064803.75
335380.5938	3062488.75
335380.875	3066194
335380.9063	3064569.25
335382.0313	3065466.75
335382.8438	3064820.5
335384.3438	3063492.75
335385.9375	3066664.25
335386.875	3066918
335388.0938	3064451.75
335390.1875	3063484.75
335399.7813	3062945.75
335400.1875	3064272.5
335400.5	3066982.75
335401.75	3063264.5
335403.5	3064662.25
335404.1563	3067148.5
335405.8438	3064513.5
335406.0313	3063907.75
335406.625	3066282.5
335407.4688	3065054.75
335407.8438	3062952
335408.0938	3066649.75
335410.375	3067237.5
335411.125	3064452.75
335413.2813	3064055.75
335416.8125	3063750.75
335416.9688	3065290.25
335417.6875	3065586.5
335418.3438	3063912.25
335418.4063	3067534
335420.5938	3066330.75
335421.0313	3064459.25
335421.4063	3062925.5
335423.25	3066444.5
335424.125	3065066.75
335425.2813	3064205.5
335425.6875	3063821.5
335426.5938	3065063.75
335427.2813	3067066
335427.4375	3063195.25
335427.9375	3067450.25
335428.0313	3067385
335428.4063	3066073.25
335431.6563	3065071.5
335432.7813	3067083.25
335432.9375	3065055.5
335433.6563	3062144
335433.75	3065353.25
335434.4375	3066486
335436.0938	3065051.5
335436.5	3064670.5
335436.625	3065369.5
335437.5	3067295.75
335439.1875	3064587.75
335439.5313	3063613.25
335439.5625	3066899.5
335441.7188	3063411
335442.1875	3063050.75
335443.3438	3066821.75
335446.4375	3066506.5
335447.4375	3065148.25
335448.375	3066636
335448.4375	3063894.5
335450.1563	3063248.25
335452.0938	3062984.75
335452.5938	3062160.5
335454.4688	3064557.5
335454.9063	3066172.5
335455.2813	3062862.5
335455.3125	3063465.5
335456.875	3063900.25
335457.8438	3067308.25
335457.9688	3063534
335457.9688	3064190
335459.7813	3062668.75
335461	3063205.5
335461.625	3062899.25
335461.7188	3066788.25
335462.8438	3063535.5
335463.25	3064369
335463.8125	3062993.25
335464.0313	3067499.5
335464.625	3066852.25
335464.75	3064437
335466.125	3063596.25
335467.5938	3067191.25
335467.6875	3064850.75
335470.3125	3064263.75
335471.1875	3063061.75
335471.375	3064852
335471.4688	3065428.25
335472.0625	3067205.25
335473.2813	3067209
335473.5938	3063650
335474.2813	3066887
335474.375	3063977.75
335474.4688	3067212.75
335474.5625	3062144
335474.5938	3066795.75
335476.0313	3064799.75
335476.1563	3064844.5
335477.4375	3066885.75
335477.6875	3064652.25
335477.9688	3064863.25
335480.3125	3064866.75
335482.0313	3066648
335483.5	3067240.75
335484.5938	3063008
335484.6875	3067185.5
335484.9375	3063210
335485.4375	3066917.5
335485.9375	3065460.75
335486.3125	3067629.5
335486.375	3064861
335487.0938	3066266.5
335487.4375	3064033.75
335487.4375	3063545
335488.1875	3063603
335488.875	3064571.25
335490.1563	3063211
335492.75	3067609.75
335494.0313	3064784.75
335494.5	3063377.5
335494.9375	3064483
335495	3063352
335495.4375	3062916.75
335496.7188	3063017.5
335497.6563	3066054.5
335498.9375	3065788.75
335501.4688	3065700.75
335501.6563	3063988.75
335502.9063	3062975
335503.5938	3067500.75
335504.0938	3067507.75
335504.375	3063713.5
335504.4063	3067530.5
335506.75	3065790.5
335509.875	3064530
335511.4063	3062635.75
335511.5938	3066951.5
335511.9688	3065135.25
335512.8438	3065768.25
335514.7188	3062333
335514.7813	3062644.5
335515.3125	3063073.75
335515.8438	3067434.25
335516.0625	3063325.75
335516.7188	3063070.75
335516.875	3063557.25
335517.0313	3062792
335517.4688	3062884.75
335517.9688	3063228.75
335520.1563	3067605.25
335520.4375	3067506
335520.875	3067059
335521.1875	3062353.75
335521.6875	3063319.25
335521.75	3063881.75
335521.9375	3065079.5
335523	3067361.25
335523.1563	3065261.5
335523.4375	3066157.75
335527.0938	3064168.25
335527.0938	3062987
335527.4063	3066976
335527.75	3062514.5
335528.1875	3062816
335528.5625	3063236
335528.75	3067504.75
335530.75	3063308.5
335530.7813	3066044.75
335531.5	3063053.5
335533.0625	3066411.75
335533.8438	3063612
335533.9063	3065330
335534.8125	3063567.75
335534.875	3062699.5
335534.9375	3067192.5
335535.5938	3063241
335536.4375	3063191
335536.4688	3067558.75
335538.25	3062837.5
335538.25	3066043.75
335538.3438	3064005.5
335538.5	3062785
335542.7813	3063209.25
335544.1875	3062942.75
335544.4063	3065777.5
335544.6875	3066046.5
335544.75	3065721.75
335546.2813	3066808
335546.3125	3065053.5
335547	3063083.25
335547.8125	3065668.75
335547.8438	3062808.75
335549.0938	3062823.75
335549.5313	3065075.75
335549.7813	3062798.5
335553.5625	3063080.75
335553.5938	3065905.5
335557.4688	3067185
335558.3125	3065863.5
335560.0313	3066845.25
335560.1875	3067456.25
335561.625	3062376.25
335562	3062857.5
335562.625	3066206.5
335565.125	3063430
335566.125	3065136.5
335566.25	3066856.75
335567.0625	3067391.25
335567.3438	3064786.25
335567.375	3063222
335568.8125	3063007.25
335569.5313	3064149.75
335571.8438	3063471.5
335572.7188	3064332.5
335574.0938	3067313.25
335574.3438	3067629.5
335574.8125	3065076.75
335575.3438	3063278.75
335576.125	3066247.5
335578.0938	3065706.75
335578.4688	3065172.25
335579.25	3065416
335579.4688	3062806.25
335579.8438	3063379.75
335580.5625	3064621.5
335581.25	3063691.25
335581.4063	3063344.5
335581.4688	3063034
335582.5625	3066834.25
335584.4375	3065201.5
335585.625	3062518.25
335585.7188	3063467
335586.25	3067175.25
335587.4688	3063559
335588.125	3065641.25
335588.25	3063062.5
335588.4688	3064460.75
335590.1875	3063622
335591.5625	3062993.5
335592.0938	3066394.25
335592.6875	3067173.25
335594.0938	3067121.5
335594.125	3065128.25
335594.375	3065222
335596.0625	3067424.5
335596.4688	3066706
335599	3067211.25
335599.0625	3063574.5
335601.3438	3063147.5
335601.9688	3064460.75
335602.0625	3065692.75
335602.625	3062953.25
335603	3065238.5
335604.0938	3065162.5
335605.1875	3063361.5
335605.9375	3065519.5
335606.1875	3063336.75
335608.75	3062907.25
335609.5313	3066780
335609.5625	3065080.75
335610.5938	3062147
335612.25	3065739.5
335613.25	3065298
335613.9688	3062891.5
335615.4375	3062788.75
335617.9063	3066020.75
335618.6875	3063044
335619.25	3063183.5
335619.3125	3066621.75
335623.7188	3067345.75
335624.4688	3067035.5
335624.8438	3066639.25
335625.3125	3065928.75
335625.75	3067162.25
335626.9063	3066807.25
335628.5313	3065461.5
335628.6875	3062915.5
335629.0625	3062749.25
335629.9063	3066059
335631.75	3063211
335632.0313	3062817.25
335633.2813	3066910
335633.5	3063670
335634.3125	3064458.25
335634.3438	3066073.25
335634.5313	3067177.5
335634.8125	3063854
335636.4063	3066628.25
335636.9688	3067408.75
335637.9688	3064247.25
335638.4688	3063104.75
335640.6875	3063258
335640.6875	3063285
335641.5625	3063300.25
335642.0938	3067629.5
335642.625	3066922.75
335643.9688	3067175
335644.4688	3064517
335644.7813	3064766.5
335646.8125	3063167.75
335647.375	3062835.25
335648.3438	3062922.25
335648.8438	3067221
335649.8438	3062769.5
335651	3065417.5
335651.1563	3066009
335652	3066552.75
335652.5313	3067153.25
335652.5938	3067198
335652.7813	3063523.25
335653.0625	3062840.5
335653.2188	3065744.5
335653.9688	3062749.25
335654.0938	3066224
335654.5	3067462.75
335657.2188	3065242.5
335657.7813	3062194
335658.0938	3063123.75
335659.0625	3066985
335662.2813	3066922
335662.4375	3063066.25
335664	3062849.5
335664.375	3062928.75
335665.2813	3065717
335665.4688	3067198
335666	3065272.25
335667.8125	3062172.75
335668.875	3064918
335670.1563	3065271
335670.1563	3067213.75
335670.5313	3067191.25
335671.7813	3066864.25
335671.875	3064299.75
335673.5	3067457.75
335673.875	3065657.5
335674.2188	3063354.75
335674.4063	3067028.25
335674.4375	3062856.5
335675.875	3066079.75
335675.9375	3067232.25
335676.4688	3062953.5
335677.5313	3067325
335677.9375	3066369.75
335678.8438	3067473.25
335679.7188	3062860
335680.8438	3066002
335681.6875	3062803.75
335682.875	3066773
335683.2813	3066976.5
335684.0938	3063637
335685.9063	3062920
335686.3125	3065433
335686.4375	3062152
335687.1875	3066963
335687.6563	3065876.75
335688.0313	3067204.25
335689.3438	3067503.5
335689.4375	3064111
335690	3065861.5
335691.5938	3067510
335691.75	3063134.5
335691.75	3064593.75
335692.6563	3062868.75
335693.8438	3067516.5
335694.4688	3065379.5
335694.6563	3062815.5
335696.5	3062144
335697.4063	3063019
335697.7813	3062875.25
335698.0313	3067531.75
335699.0625	3065703.5
335699.8125	3066479.25
335700.6563	3066694
335700.9063	3063088.5
335701.625	3067020.25
335703.4063	3065420.5
335704.125	3064285.25
335706.3125	3067552.5
335706.9375	3065720
335709.7188	3062888
335710.4063	3062840.5
335710.5938	3064635.5
335711.2813	3062997.25
335713.3125	3063240.25
335713.3438	3065791.75
335714.375	3065119
335714.8438	3063949
335715.0313	3067134
335715.625	3064447.5
335716.8438	3064580.25
335716.9375	3063274.75
335717.625	3065267
335718.125	3064501
335718.125	3065750.5
335718.3125	3066349.75
335718.5313	3063034
335719.8438	3064098.5
335720.9063	3065391.75
335721.8125	3067362.5
335722.125	3063054.25
335722.8125	3066742
335723	3067313.5
335724.1563	3062901
335724.2813	3064096.5
335724.375	3063301.25
335726.0938	3063956
335728.2188	3067404
335728.625	3062966.75
335729.0625	3062905.25
335729.6563	3063042
335730.5313	3065619
335730.875	3065473.75
335732.3438	3064525.25
335732.75	3067496.25
335733.6875	3063059.25
335734.5938	3067240.75
335735.2188	3064091.5
335736.9063	3063269.75
335738.9688	3063373.25
335739.625	3062563.25
335740.25	3062949
335740.2813	3067629.5
335740.625	3067517.25
335741.375	3065995
335743.4063	3067122.75
335743.6875	3065742.25
335743.7813	3064627.75
335744.4063	3064574.75
335745.3438	3066881.75
335745.9063	3063118.75
335748.1875	3063317.5
335748.4375	3062867.25
335749.4688	3062935.75
335749.6563	3064627
335749.6875	3063112.75
335750.2188	3066950.5
335751.8125	3067371
335752.0313	3066653.5
335754.5	3065690.5
335755.7188	3064735
335757.5313	3065463.5
335758.125	3062921.75
335758.7813	3065410.5
335759.0313	3067216.5
335760.3125	3063282
335760.9375	3065191.75
335764.5	3062912.5
335764.9375	3067558.25
335765.0313	3066856.5
335765.7813	3064220.75
335766.4063	3066944
335767.25	3062791
335767.3125	3063088.25
335769.0625	3067629.5
335769.3438	3063303
335769.5938	3064730
335770.6875	3066871.75
335771.125	3062144
335772.7813	3063147.25
335772.875	3063302
335773.2813	3065366.25
335774.5625	3062304.5
335775.5938	3062971.5
335776.1875	3064265.25
335776.5938	3067618
335777.6563	3066752.5
335777.8438	3064148.5
335779.5	3067496
335779.5625	3066711.5
335780.8438	3063815.25
335781.125	3062884.5
335781.6875	3066801.75
335782.0313	3064871.25
335783.3125	3067264.25
335783.5938	3067606.5
335784.0313	3062957
335784.4688	3064330.25
335785.0625	3063324.5
335786.0313	3063814
335786.0625	3064731
335789.8438	3065538.75
335791.25	3063250
335791.4063	3063065
335791.9063	3067627.25
335792.2188	3065778.75
335793.125	3067629.5
335793.1563	3063107.75
335793.9063	3064136.5
335796.375	3064626.5
335797.4063	3065721
335801.375	3067105.5
335802.0625	3063058.75
335802.8125	3063305.25
335803.375	3065713.5
335803.9375	3062262
335804.1563	3066858.25
335805	3063297.75
335807.6875	3063115.75
335808.125	3062830.5
335808.5	3067465.75
335809.25	3062483
335810.7188	3063252.5
335812.5313	3067587.5
335813.6875	3063660.25
335813.8125	3064442.5
335813.8438	3067018
335813.9063	3066924
335817.0313	3067330.25
335818.5	3062807.25
335818.6563	3062941.25
335818.8438	3067142.25
335820.125	3064183
335821.0313	3063490.5
335821.6875	3063494.75
335822.8438	3063363
335823.25	3064235.5
335824.0313	3067177.75
335824.5313	3063194.5
335824.5625	3062977
335824.9375	3062227
335825.6563	3062574.5
335826.8438	3062792.25
335831.6563	3063098.5
335831.6875	3064732.75
335832.9063	3067533.25
335833.5313	3066465.5
335834.2813	3066287.75
335834.625	3062764.5
335834.875	3066848.25
335835.8125	3067097.25
335836.1563	3066717.5
335836.5313	3062757.75
335836.5938	3063628.5
335837.6875	3063984
335837.8438	3063967.25
335840.2188	3063657.25
335841.1875	3062957
335842.0313	3062917.75
335842.7813	3063037
335843.1875	3067565.25
335843.3438	3063682.25
335844.3125	3066991
335845.8438	3064307.25
335846.5	3062193
335847	3067094
335848.2813	3062554.5
335849.3125	3067571.75
335849.4375	3066631.25
335849.9688	3063166.5
335852.875	3064216
335853.25	3065986.5
335854	3065250.5
335854	3066582.5
335854.2188	3067400
335854.25	3063345.75
335855.0938	3062695.25
335857.125	3066671.75
335857.5313	3063154.75
335857.9063	3063432
335858.4063	3062659.25
335860.375	3063194.75
335860.5938	3063159.5
335860.9063	3064842
335861.4375	3062630.25
335863.0313	3063014.5
335863.4375	3064026.5
335863.75	3063780.5
335865.5	3063790.25
335867.0313	3063342.75
335868.5938	3065031.75
335868.625	3066622.5
335868.9688	3062621.75
335870.0938	3062144
335870.1563	3063349.75
335870.75	3066838
335871.8125	3063450.75
335877.1875	3066056.75
335877.4688	3063000.5
335877.9688	3063337
335878.0313	3066665
335878.375	3066696.5
335878.75	3066703
335878.875	3063168.5
335878.9063	3063236.75
335880.8125	3063196.5
335883.9063	3067280.5
335884.0625	3062170.5
335884.8125	3063774.5
335887.4063	3065984
335887.625	3063895.25
335889.875	3065040.75
335890.1875	3066250
335890.75	3066795
335891.5313	3067195
335891.5313	3063374.25
335891.5625	3063649.25
335893.2188	3067459.25
335895.1875	3063331.5
335895.9688	3063614
335896.0625	3064011.75
335898.1563	3063504.5
335899.3438	3063101.5
335901.2813	3065412.75
335901.625	3067373.75
335903.4375	3063770
335903.4688	3066826.25
335903.8438	3066313
335904	3063629.5
335904.9063	3063560
335906.8125	3063634.75
335907.8438	3066153.25
335907.8438	3064351.75
335908.5313	3064001
335908.5313	3063355
335909.4063	3063304.75
335909.8438	3063198.5
335910	3062975.5
335910.0938	3063153.75
335911.5938	3065410
335912.0625	3063362
335912.2188	3063233.25
335913.5313	3067491
335913.9375	3066698.5
335913.9688	3067446.5
335914.2188	3066882.75
335919.6563	3062912.75
335919.6563	3063237.5
335919.8438	3062565.5
335921.2813	3063266
335921.7188	3064076
335922.1563	3063488.5
335922.5	3063151
335924.9063	3063403.5
335926.1563	3064821
335926.875	3063520
335927.0313	3067629.5
335927.1875	3063179
335927.25	3067260.25
335927.5625	3063344.75
335928.5938	3063434.25
335928.7813	3063106.75
335930.6563	3063200
335931.0313	3062415.5
335931.5938	3064127
335933.2813	3063627.5
335935	3064023.25
335935.3438	3063545.75
335937.1563	3064228.75
335937.1875	3064424.25
335937.5	3063648.25
335937.8438	3063094.5
335939.1875	3065498.25
335939.2188	3066759.25
335939.5938	3062659.5
335939.9063	3064252
335939.9688	3063395
335940.4063	3064433.5
335941.0938	3067540.5
335941.3438	3063352.5
335942.1875	3063122.25
335943.5625	3067363.75
335944.5313	3066875
335944.7188	3063515
335944.9063	3062759.25
335945.125	3066176.75
335949.375	3063486.75
335952.375	3063601.75
335952.9375	3066422.5
335953.7188	3063617.75
335953.8438	3063112.25
335954.25	3063673.25
335954.5	3063632
335954.7813	3062750.75
335954.8125	3063434.25
335955.4688	3063145.25
335955.4688	3065446
335956.9063	3063523
335957.1563	3065042
335958.0938	3063756.25
335960.625	3067475.5
335961.6563	3062459.5
335962.3438	3063882
335962.7188	3063061
335962.9063	3063378.5
335963.5625	3065391.25
335964.375	3063158
335966.0938	3063259
335966.625	3066685
335967.9063	3062532.25
335971.2813	3065108.75
335972.6875	3065602.75
335974.625	3062615.5
335977.3438	3067055.25
335978	3064974.75
335978.125	3063220.75
335979.9375	3066487.25
335980.875	3064795.25
335980.9688	3066523.25
335981.0938	3063104.5
335981.5938	3065977
335985.2188	3066194.25
335985.5938	3064015.5
335985.7813	3063705.25
335987.3125	3064932.75
335987.8125	3063432.5
335990	3063408.75
335990.5625	3066604.5
335990.6563	3063243.75
335991.4375	3063001.5
335991.5313	3064050.5
335992.2188	3065976.25
335993.625	3063747.25
335995.7188	3065174
335996.1563	3062836.5
335996.25	3064582
335996.7188	3065047.5
335999.9375	3066160.5
336001.375	3062631
336001.5313	3062681.25
336002.5313	3067629.5
336002.6563	3064857.5
336004.4375	3062854.75
336004.5938	3063620
336006	3062659
336006.7188	3064442
336009.5313	3062717.25
336011.875	3065373.5
336012.0313	3063107.75
336012.7813	3065090.25
336013.375	3062825.75
336013.4375	3062729
336013.8438	3062586
336013.9688	3062647.75
336014.5938	3066242.5
336017.8438	3065371.25
336018	3062498.25
336019.25	3067117.5
336020.25	3063286
336021.0625	3066690.75
336022.8438	3062551.25
336023.4375	3063755.75
336024.4688	3063327
336026.75	3064419.25
336027.3438	3066745
336027.6875	3067132.25
336027.8438	3065568
336029.7188	3064064.25
336030.0313	3063797.5
336030.0625	3064438.25
336030.1875	3066722.75
336030.25	3062605.5
336030.5938	3062635.5
336031.6875	3062660.75
336032.6563	3064449
336033.5313	3064144.25
336036.5625	3066395.75
336037	3062569
336038.9063	3063845
336039.1875	3063580.25
336039.1875	3066227
336039.5	3062776.5
336040.5	3062840
336040.8438	3066407.25
336044.375	3063861.5
336044.375	3066685.75
336044.7813	3064479.75
336047.3125	3067166.75
336048.125	3064121.75
336048.9375	3066156.25
336049.4688	3063104.25
336049.9375	3063733
336050.125	3066398
336050.4063	3062527.75
336050.9375	3066856.25
336051.2188	3063195
336053	3064858.25
336053.0313	3064533.25
336054.1875	3065972.75
336056.4063	3066917.5
336060.125	3064555.5
336060.375	3066210.75
336061.0625	3067415.5
336062.625	3066138.25
336064	3063646
336065.5938	3066750.5
336066.125	3067142.25
336067.875	3067449.5
336068.0938	3065631
336068.7813	3062661.75
336070.4688	3066379.25
336072.1563	3063250.75
336073.0313	3066368
336074.1875	3064216.5
336074.375	3063276.5
336076.25	3066494.75
336076.2813	3063012.5
336076.6563	3065974
336077	3066585
336077.9375	3066560.25
336078.9375	3067127.5
336079.0938	3064631
336079.5938	3063169.75
336080.5	3064596
336080.9063	3062548.25
336082.1563	3063320.25
336082.6875	3063232.25
336083.9375	3066853.25
336084.3125	3062650.75
336084.8438	3065970.75
336088.7813	3066807
336090.125	3064388.75
336090.4375	3064132.25
336090.4375	3066745
336092.5313	3066660.25
336094.2188	3065632
336094.25	3062804.5
336095.6563	3062867.5
336097.375	3067151.5
336097.75	3066925.5
336098.5938	3063720.75
336099.2813	3066675.5
336099.875	3067508
336101.0938	3067448.5
336101.4063	3064746.25
336102.0313	3063292.75
336102.1563	3067629.5
336102.1563	3063670.25
336103.2813	3063255.5
336103.4688	3062515.5
336103.5313	3063996.25
336103.5938	3067150.25
336104.2188	3063142.25
336106.1563	3062511.5
336106.5625	3063397
336106.8438	3064294.5
336109.9688	3064204.75
336110.3125	3067288
336112	3065609.5
336112.2813	3067537
336112.4063	3062563
336112.9063	3063204.5
336113.4375	3063489.25
336113.5313	3063444.75
336113.625	3067053.75
336114.4063	3062992.25
336115.5938	3062995.25
336115.7813	3062804.25
336115.9063	3062635.75
336119.1875	3063141.25
336119.2188	3067360.5
336119.3125	3065477.75
336119.875	3062616.75
336120.4063	3066759
336120.5313	3067313.25
336120.625	3064451.75
336120.9063	3063575.5
336120.9375	3067496.5
336121.375	3062859.5
336121.7188	3067406.5
336122	3064836.25
336122.2188	3063854.5
336123.625	3063012.25
336124.4063	3062860
336124.5313	3062987
336124.9375	3066364.75
336125.0313	3062575.75
336125.9688	3062633.5
336125.9688	3063622.25
336127.2813	3063222
336127.5625	3066785
336127.7188	3066387
336128.3438	3067210.25
336128.9688	3066366.75
336131.875	3064880.5
336134.4375	3062661
336134.4375	3067446.25
336135.0938	3064524.75
336135.1875	3063005.25
336135.6875	3063540
336136.25	3067523.5
336136.5938	3064488.5
336136.875	3067141.5
336137.9375	3062941.5
336138.125	3062593.25
336138.5	3067629.5
336138.8125	3066838.25
336138.9688	3062400.5
336139.2188	3063709.75
336139.375	3067446
336141.3125	3064284
336141.75	3063347.75
336142	3065966.75
336144.1875	3067054.5
336145.5625	3065549.25
336145.9063	3066995.75
336147.0938	3063083
336147.375	3063585
336147.8438	3063989
336148.0625	3062976.75
336149.5313	3062865.25
336150.5	3063717.5
336152.6875	3063706
336152.6875	3065601.75
336153	3063032
336154.0938	3066108.5
336154.9375	3067564
336155.3438	3064972.25
336155.6563	3067274.5
336158.0938	3066382.75
336158.875	3064991.75
336158.9375	3062989.75
336160.8125	3067371.75
336162.5313	3063643.5
336163.1563	3066937.25
336163.75	3065001.5
336164.5313	3064255
336165	3062623.5
336165.4063	3063049.25
336165.5938	3065755.25
336167.0938	3064279.25
336167.125	3063314.75
336168.0313	3063373
336169.6563	3067517.75
336169.6875	3065660.75
336170.4688	3065773
336171.4375	3067044.25
336172.375	3063846
336172.4063	3065965
336173.0313	3066653
336173.4688	3062683
336174.75	3067438.25
336174.875	3066391.75
336176.6563	3067215.75
336178.125	3065311.5
336178.9375	3066000.25
336180.5313	3065594.75
336180.8125	3062906.75
336180.9063	3067006.5
336183.75	3063116.25
336184.125	3064042.75
336184.4688	3063336
336185.875	3062644.75
336186.5	3065308
336186.5938	3063573.5
336187.9063	3063637
336189.75	3062377
336190.125	3062488.75
336190.5625	3067317.5
336191.5313	3062947.5
336191.8438	3063572.25
336192.0625	3066750.75
336194.0313	3063187.75
336195.3125	3063352.75
336195.75	3062657
336195.9063	3062373.5
336196.75	3063975.5
336197.0938	3066048.25
336197.125	3064411.25
336197.5	3062820.25
336197.9375	3062729.5
336200.4375	3064099.25
336202.5938	3063692.5
336203	3063170.25
336204.125	3063039.5
336204.75	3067538.5
336205.8438	3065569.25
336206	3064716.25
336206.25	3063046.75
336209.0938	3064134.5
336210.3438	3067615.75
336214.2188	3063147.25
336214.9375	3065734.5
336215.6563	3062529.25
336216	3067126.25
336216.2188	3067265.5
336217.125	3064753.75
336219.375	3067575
336220.0938	3063088.75
336220.4375	3062537.75
336220.9063	3065419.25
336221.1563	3063135.5
336221.1875	3064772
336223.5	3064324.5
336223.5	3063198.25
336224.7813	3063627.5
336225.3125	3063325.25
336225.625	3067588
336228.5	3065655.25
336229	3065242
336229.1563	3067595.5
336229.6563	3065645.25
336230.7188	3064349.75
336231.4375	3062570.25
336232.375	3063300.75
336232.9688	3063322
336233.125	3062719.5
336233.1563	3067195.75
336233.375	3063312.5
336233.7188	3066791
336234.8438	3066898.5
336235.9688	3062934.25
336236.6875	3063244.25
336236.9375	3065632.75
336238.125	3063944.75
336238.6563	3062940.75
336238.7188	3063682.75
336239.0313	3062598.5
336242.5938	3063512.5
336244.125	3063692.25
336244.7813	3065283.75
336244.9063	3063967.75
336245.125	3062648.5
336247	3067629.5
336247.5625	3063311.75
336250.4375	3063111.25
336251.125	3067120.75
336252.25	3063357.75
336252.3125	3063732.75
336252.75	3064702.5
336253.625	3065526.75
336253.9063	3065760.75
336254.2813	3063557.75
336255.7813	3062855.5
336255.7813	3062771.5
336257.125	3063198.75
336257.9688	3062970.75
336258.0313	3067258.75
336258.5938	3065692.25
336258.75	3063338.75
336258.9063	3063765.25
336259.4375	3065398.5
336260.7813	3063295.75
336262.9688	3062821.75
336263.875	3063250.5
336265.2813	3066023.75
336265.6563	3063104.25
336265.7813	3064120.75
336266.7813	3065414.5
336266.7813	3067119
336269.4375	3063616
336270.6563	3067257
336272.1563	3064757.25
336272.3125	3062348.25
336274.7813	3066113.75
336275.1563	3063296
336275.9688	3063257.75
336276.2813	3062707.75
336278.0938	3066054.75
336278.375	3064318.5
336278.8125	3065958.25
336278.8438	3063961.75
336279.5938	3065442.5
336281.625	3066124.75
336285.5	3063264.25
336285.8438	3063214.25
336287.3125	3062556.75
336290.9063	3065147.5
336291.0313	3066989.5
336291.2188	3062669.5
336292.5313	3067577.25
336292.9688	3062775.75
336293.5313	3066353.25
336293.6875	3063433.25
336294.75	3065427.25
336295.5625	3065064
336296.125	3062589.5
336296.2188	3062660.25
336298.75	3064559.5
336300.9063	3066099.25
336302.1875	3067092.25
336303	3064471
336303.0313	3063046
336303.6563	3066001.5
336304.5	3063012
336305.1563	3064255.5
336305.5625	3063288.25
336306.0625	3064941
336307.3125	3062675.25
336307.4375	3062614
336307.5313	3066088.25
336307.75	3064409.75
336309.2188	3063357.75
336311.3125	3062548.75
336311.375	3063237.75
336313.625	3067105.25
336314.0625	3064319.75
336315.375	3067249.25
336316.5313	3065734.25
336316.6563	3064139
336318.1563	3062780.5
336321.125	3066625.25
336322.9688	3062376.75
336323.4375	3063061.75
336323.4375	3067556.75
336323.9375	3066113.75
336324.1875	3067200
336325.5938	3067286
336326	3062678.25
336326.0313	3066133.5
336326.0625	3062532
336326.3438	3062651.75
336326.4063	3064639.25
336327.7188	3062812.5
336327.7188	3064804.75
336328.2188	3065145
336332.6875	3065086
336334.5938	3062427.25
336334.8438	3065770.75
336335.2813	3063392.25
336335.5938	3064752
336336.8438	3065244.5
336337.0625	3066644.25
336337.4375	3062532
336337.9063	3066691
336339.1875	3064106.75
336341.1563	3062728.25
336341.9063	3062779.25
336342.625	3066650.5
336342.6563	3062830.75
336343.0938	3066842
336344.0625	3065241
336344.5313	3064657.75
336345.8438	3062296.5
336346.1875	3063026.5
336346.5313	3063290
336346.7188	3063406.25
336346.75	3062490.5
336347.1563	3063462.75
336347.4375	3065794.5
336348.875	3063305.5
336350.125	3063652.5
336350.25	3062144
336351	3066618.25
336351.3438	3063966.25
336351.7188	3063748.75
336353.0938	3066034
336353.7813	3063595.25
336353.7813	3064657.25
336354.0625	3062778.25
336354.8438	3064216.75
336355.7813	3067065.5
336355.9688	3062815.25
336356.25	3062778.5
336357.375	3063277.5
336357.6875	3064737.75
336358	3067078.5
336358.375	3066610.25
336359.3438	3062315
336360.7813	3063014.25
336360.8438	3067496.75
336361.2188	3062843.5
336362.4375	3064139.25
336364.125	3062530.75
336364.1563	3063464.25
336365.4063	3062915.5
336365.6875	3064311
336366.3125	3067629.5
336367.125	3067076.75
336368.2188	3063287.5
336368.4688	3063369.5
336368.9375	3067301.5
336370.4688	3064832
336371.0313	3062332.25
336371.9688	3062575.5
336373.1563	3063439
336373.6875	3066642.25
336374.7188	3063320.5
336374.8438	3067229.5
336375.2188	3064089.5
336375.2813	3064523.25
336376.625	3064306
336377.7813	3062775.25
336379.5313	3062678.75
336379.8125	3065966
336380.0625	3062923
336380.1563	3063449.25
336380.4063	3062859.75
336381.1563	3066662.5
336382.25	3064529.5
336382.4375	3063643.75
336382.6563	3062273.5
336383.7813	3062364
336385	3063654.5
336385.5	3064542.5
336385.7188	3062324
336385.8125	3067229.25
336387.4375	3063492
336388.2813	3067540.25
336388.8125	3067257.25
336389.5	3065328.75
336391.3125	3063353
336391.4688	3064985.25
336391.5625	3063034.75
336392.3438	3066308.75
336394.5938	3063766
336395	3063583
336395.125	3064410.25
336395.8125	3066632.75
336395.9688	3063469
336396.5938	3067554.75
336398.7188	3062355.25
336399.4688	3063365.75
336400.875	3066408.5
336403.4375	3063527.75
336405.4688	3062549.25
336405.6563	3067548.75
336405.875	3064570.25
336406.7813	3067527.75
336408.9375	3063278
336411.4063	3064011.5
336411.4063	3064299
336411.5625	3066459
336411.9688	3065797.5
336412.5625	3063490.25
336414.4063	3062489.5
336414.5938	3065766
336415.125	3062424.25
336415.4063	3067145.75
336416.7813	3065376
336417.1875	3062242.75
336417.9063	3065745.5
336420.9688	3066399.25
336420.9688	3063351.5
336422.0938	3062473.25
336422.1875	3067550.25
336422.3125	3063319.5
336423.1875	3062772.25
336423.9688	3064774.5
336426.5313	3066428.75
336426.7813	3063505.25
336427.9375	3065911.75
336429.4375	3062425.25
336430.1563	3063436.5
336430.6875	3064640
336431.0313	3067494
336431.0625	3063041.5
336431.6875	3066605.25
336432.375	3063395.25
336433	3063470
336434.5938	3066680.75
336434.6563	3063272.25
336434.7188	3067190.25
336435.1563	3062264.5
336435.8438	3063446
336436.6875	3063112.75
336437.375	3063406.5
336437.7813	3063640.25
336438.1563	3064655.5
336438.9375	3062808.5
336439.4063	3067537
336439.5313	3062471
336439.9375	3062544.25
336440.7813	3062934.5
336442.5938	3063215.5
336444.4063	3067348.25
336445.75	3066564
336446.25	3063249.75
336446.4688	3063260.5
336446.5938	3067592.25
336447.0625	3063515.75
336448.1875	3066588
336449.0313	3064148
336449.2813	3063984
336449.875	3064487.25
336450.1875	3063308
336450.4688	3063354.75
336451.375	3062547
336452.7813	3063040.25
336452.875	3064025.25
336453.4375	3066644.25
336454.3125	3063389
336455.4688	3062279.25
336455.7813	3062678
336455.9688	3062585.25
336457.0938	3064526.75
336459.3125	3063396
336459.5	3064249
336461.0938	3063354
336461.0938	3063063.25
336461.4063	3063622.25
336461.9063	3063335.75
336464.3438	3063633
336464.4063	3064287.5
336464.625	3066614.75
336466.6875	3066474
336467.75	3066938
336468.0313	3065482
336468.0625	3064352.75
336468.4375	3064991.25
336469.3438	3066687.75
336473.7188	3066553.25
336474.125	3065041
336474.7813	3064441.5
336475.2188	3062475.5
336475.5313	3062771.5
336475.5938	3062317.25
336475.75	3064395.5
336477.7813	3064759.25
336478.3438	3065095
336479.9063	3063269.5
336480.3125	3064126
336481.75	3066375
336482.5938	3062351.25
336482.6563	3063255.25
336483.1875	3064828.75
336483.3438	3064812.75
336483.7188	3062147.5
336484.1875	3064901.25
336485	3066373.5
336486.9688	3066716.25
336487.9688	3064639
336489.2188	3062839.5
336489.5313	3062386.5
336491.25	3067048
336492.125	3064555
336493.4063	3063256
336493.5313	3063476
336497.5313	3067536.5
336497.5313	3063416.75
336497.8438	3063551
336498.2188	3065170.25
336499.0625	3066409.5
336500.4375	3064947.5
336502.3438	3066603.75
336505.9063	3063434.75
336507.3125	3062176
336510.3125	3062747.5
336510.4063	3063399.25
336510.5313	3063350.75
336511.0313	3062892.5
336511.4063	3062530
336512.2188	3063765.25
336512.7813	3067194.25
336515.25	3064223.5
336516.25	3067568.5
336516.375	3064636.25
336516.7813	3062547.5
336518.0625	3062326.75
336519.3438	3062144
336522.2813	3065604.5
336522.5	3062196
336523.875	3063605.25
336524.7188	3063999.25
336525.0313	3063349.5
336527.1875	3062152.25
336527.2188	3062849.75
336527.7813	3062376.25
336531.375	3066518.25
336531.5	3066698.25
336532.0625	3066700.75
336532.1875	3063398.5
336532.5313	3063422.25
336532.75	3065317.25
336533.6875	3062160.5
336535.0313	3063438
336535.625	3063817.5
336537	3062423.5
336538.1875	3063877.5
336538.1875	3066345.25
336539.125	3064086.5
336545	3067629.5
336545.125	3063201.25
336546.6875	3066535.25
336547.5313	3062737.5
336547.5625	3062144
336547.6563	3062455.75
336547.7188	3062666
336548.3438	3063503.75
336549	3066770.75
336549.3125	3064880.5
336550.0625	3062830
336551.125	3067018.25
336551.4375	3066371
336551.4688	3062499
336551.6875	3063598
336551.8438	3064890.5
336552.3438	3066388.75
336552.75	3062513.75
336552.9063	3062989
336553.9375	3062839.5
336554.125	3065371
336554.9063	3063483.5
336556.625	3065968.5
336556.8125	3062144
336556.9375	3064157.5
336557.5625	3065688.25
336557.6563	3062537
336558.9063	3063607
336559.1563	3062234.75
336559.2813	3064078
336561.9375	3066435.5
336563.0625	3062195.5
336566.875	3066381.5
336568.0938	3067485.75
336568.8438	3067243.25
336569.1875	3064604.25
336572.375	3062205.75
336573.3438	3066895.75
336573.9688	3064625
336576	3066516.5
336578.0625	3063374
336578.25	3063356.5
336578.6875	3062447.25
336579.4688	3062625.25
336580.1875	3064151.5
336581.125	3063989
336582.5313	3062144
336583.4063	3062533
336584.0625	3064723.25
336584.5625	3063779.75
336585.1875	3064166.75
336585.3438	3062666.75
336586.1563	3066487.25
336587.875	3062730.75
336588.3125	3063974.25
336588.5	3066915.25
336590	3062493.5
336592	3062518.5
336592.9688	3062458.5
336595.7813	3064200.25
336596.4063	3064336.5
336597.5625	3064527.25
336599.625	3063359.25
336599.9063	3065793
336601.0625	3064954
336604.7813	3065403
336606.6563	3066584.25
336608.9688	3062183
336610.9688	3067321.75
336611.4063	3064873.5
336611.9375	3063581.25
336612.875	3062220.25
336614.4063	3063590
336614.5938	3064381.5
336614.6563	3064451
336614.8125	3064330.25
336618.0313	3064056.75
336620.875	3067104.75
336621.2813	3066294.5
336621.4375	3064871.5
336621.625	3064475.75
336621.8438	3066782.5
336623.2813	3065847.25
336623.4063	3063299.75
336624.0313	3064949
336624.6563	3066382
336625	3063577.5
336628	3063585.25
336629.8125	3063847.75
336631	3063206.25
336631.6875	3062312.25
336632.3125	3062519.5
336632.4063	3063174.75
336634.1563	3063037.75
336636.3438	3064372
336636.5313	3062862.5
336637.5313	3062724
336638.0625	3066568.5
336638.6563	3065324.75
336638.6563	3066857.75
336639.2188	3065041.5
336640.625	3063041.5
336640.8125	3064476
336641.4063	3062818
336642.8125	3062993.75
336643.3125	3062397.5
336643.5625	3066662.25
336643.9375	3064837
336645.875	3063740.25
336647.2813	3065106.5
336648.5625	3067402.75
336648.625	3062669.5
336648.9375	3062329.25
336649.2188	3064909.75
336651.4375	3064862.5
336651.6875	3064303
336653	3065588.5
336654.4063	3063599.75
336654.5313	3066587.75
336655.875	3064110.5
336656.6875	3065364
336657.125	3064803.75
336658.6563	3062721.75
336660.8438	3063913.75
336662.6875	3065934
336665.6875	3062472
336667.875	3067257.25
336672	3066801.5
336672.3125	3067279.75
336673.875	3064100.5
336674.4375	3066794
336675.5938	3063160.25
336682.2188	3063900.25
336682.4375	3062356.25
336683.25	3063196.25
336683.5938	3064533
336687	3066975.75
336688.5938	3063195.25
336689.2813	3062403.25
336689.5625	3064170.75
336690.4375	3063897.25
336694.4063	3065303
336694.6875	3065766.75
336695.7813	3065686.5
336697.4688	3063803
336697.5	3066249.75
336697.625	3067482.75
336697.8438	3065919.5
336698.25	3063538
336698.4063	3067629.5
336698.4063	3062332.75
336698.5938	3066909.25
336698.6563	3065144.5
336699.9688	3062564.25
336700.3125	3067272.25
336700.9063	3062468
336701.4375	3062494
336703	3064901.25
336704.625	3064852.5
336705.0313	3063811.5
336705.7813	3064799.75
336705.875	3065330.25
336707.3438	3065179.5
336710.625	3062543.5
336712.7188	3066970.25
336713.3125	3063553
336716.3125	3066063.75
336717.125	3064216.5
336717.375	3063560.25
336718.1875	3062720
336718.7813	3063030.25
336719.25	3065362.5
336719.5	3062315.5
336720.3438	3065289.5
336720.5938	3063373.5
336720.7188	3064000
336721.0313	3063989.5
336721.2188	3065755.5
336721.625	3066502.5
336722.9375	3065751
336723.4063	3065526.5
336724.9375	3064228.75
336727.5313	3065066.5
336729.0938	3063548.5
336731.1875	3063556.5
336734.9375	3065490.5
336735.5938	3065540.75
336736.5313	3062714.5
336738.4063	3067271.75
336741.8438	3065053.5
336744.3125	3066183.5
336745.8438	3063570.25
336747.4063	3064393
336750.6563	3066830.75
336751.8125	3066490.25
336752.5313	3066219.25
336753.7813	3063374.25
336754.25	3063524
336755.375	3063197.75
336755.9063	3064602.5
336756.2813	3064571.5
336756.6875	3064553.25
336757.5938	3066849.75
336758.625	3062793.75
336760.3438	3065868
336760.4375	3065579.75
336760.4688	3065727.75
336761.4688	3063540
336763.625	3065449.75
336769.875	3065526.25
336770.125	3062144
336771.0313	3065347.25
336771.9688	3062356.75
336772.7813	3063289.75
336773.9375	3066536.25
336776.6563	3062428
336779.5313	3067398
336781.375	3063839.75
336784.1563	3067388.5
336787.0313	3063728.5
336790.2188	3067537.5
336791.625	3063198.75
336791.9063	3064168
336793.3125	3066952.75
336793.625	3062926
336795.4375	3063199.25
336796.875	3063142.75
336797.1563	3065457.75
336797.2813	3064171.75
336797.4063	3063073.75
336801.2188	3065010
336801.6563	3063855.5
336801.8125	3063297
336802.25	3062409
336806.4375	3067476.75
336806.875	3066893
336806.9375	3067263.25
336806.9688	3065823
336808.4375	3067257.25
336809.9063	3062699.75
336815.8125	3064047.75
336819.125	3065511
336819.6563	3062880.75
336820.125	3065599.5
336820.7188	3066626.75
336821.3125	3066371.5
336821.8438	3067000
336821.875	3063662.5
336822.9063	3065568
336825.9688	3065694.75
336826.5625	3063523.5
336826.75	3064976.25
336829.375	3063208.75
336830.5625	3063864.25
336831.1875	3062469.5
336831.6875	3066396.75
336831.6875	3062996.75
336833.0313	3062467.75
336834	3066837.75
336834.0938	3063481.5
336836.7813	3066875.25
336838.7813	3065208.5
336839.0625	3067629.5
336842.9063	3065789.5
336847.3125	3065751.75
336848.4063	3064438
336849.0625	3066751.75
336850.7813	3063979.5
336852.3438	3064996.5
336857.8438	3063514.75
336858.8125	3064062
336861.0625	3064160.5
336863.1875	3064063
336864.0938	3064296
336866.125	3067629.5
336866.4375	3067520.5
336867.4688	3065835.25
336869.2188	3065851.25
336874.4063	3066996.75
336877.0625	3062500.75
336877.5625	3064919.75
336877.9063	3064705.25
336877.9375	3064991.75
336879.0313	3066513.25
336879.75	3064623.25
336880.6875	3063737.25
336881.625	3067578.25
336883.7188	3067571
336884.0625	3063114.75
336885.5938	3067477.75
336888	3062923.25
336888.625	3067551.5
336889.3438	3067629.5
336890.0625	3062811.5
336890.1563	3062836.5
336891.9375	3066580.25
336893.25	3064988
336894.0313	3067538.25
336895.0313	3064466.75
336899.375	3063663.75
336901.6875	3065433.5
336903.0625	3067570
336903.4375	3066023.75
336905.1563	3062485.75
336905.1875	3062587
336908	3066671
336910.3438	3067485.25
336910.4375	3067323.25
336912.3438	3063252.5
336913.7813	3066495.25
336914.375	3064531.25
336914.8438	3067387.5
336915.3125	3066708
336915.4375	3063338.75
336917.875	3063698.25
336918.1875	3066717.75
336918.375	3065595.5
336919.0938	3062144
336922.25	3064600.25
336922.7813	3062648.5
336922.8125	3065498.25
336923.1875	3067052.25
336923.4375	3066944.25
336923.8125	3062753.5
336923.8438	3066570.75
336924.4375	3064980.5
336929.5625	3064158.25
336929.7188	3065850.5
336930.6875	3065387
336931.7188	3063411.75
336934.3438	3062648.5
336935.375	3063548.25
336936.9375	3062750.75
336937.0625	3067480.75
336937.4375	3063518.75
336939.3125	3067397
336940.625	3067012.5
336941.4688	3063172.75
336944.4688	3066798.5
336945.7813	3064972.75
336946.5	3063517.5
336947.1875	3065294.5
336947.75	3067629.5
336948.5938	3063500
336949.0313	3063198.5
336949.6875	3064040
336952.6875	3062937.25
336953.8438	3062144
336955.375	3064969.5
336956.1875	3067353
336957.8438	3067134.25
336958.4688	3064982.5
336960.75	3066845.75
336961.3438	3067340.75
336963.5313	3064098
336965.0313	3067236.75
336965.0625	3066667.25
336966.3438	3064079.5
336966.375	3067038
336967.1563	3065574.25
336967.7188	3066600
336972.3438	3064564.75
336972.7813	3067621.25
336974.375	3065481.25
336974.6875	3067629.5
336976.75	3062754.75
336978.25	3062282
336980.9063	3063987.5
336981.9063	3066736
336982	3065000.75
336982.3125	3062703.75
336982.9063	3066192
336984.7188	3063836.25
336985.1875	3065346.25
336985.5938	3062275.5
336985.7188	3066944.75
336986.0625	3066921
336986.6875	3062928.75
336988.875	3067250.75
336990.5625	3066943.75
336990.6563	3063380.5
336991.9688	3063476.75
336992.6563	3064676
336993.0313	3063953.25
336993.5625	3067146
336999.0313	3064588.75
336999.9375	3066938.25
337004.875	3062928.25
337006.125	3066993.75
337006.3438	3066767.5
337006.7813	3067091.25
337010.4375	3065017
337010.8125	3063761.25
337012.2188	3066972.75
337012.7813	3062711
337016.375	3065014
337017.125	3065302.25
337019.6875	3063843.5
337020.5625	3064945.5
337020.6563	3063059.25
337021.5313	3063229
337022.0625	3064265.25
337027.0625	3067121.5
337029.375	3062697
337030	3064954
337030.3438	3063046.5
337030.3438	3067089.5
337030.5938	3067629.5
337030.9688	3066972
337031	3064285.25
337032.3125	3064941.25
337032.6563	3066538.75
337035.875	3062735.25
337037.875	3066715.5
337038.4063	3067083.75
337040.2188	3063489.25
337040.2813	3066280.75
337044.4063	3064937
337046.5	3064527.5
337046.9688	3066594.75
337048.375	3066643.75
337048.4375	3066079
337048.9063	3064987.25
337050.625	3064981.25
337051.3125	3065702
337051.75	3062594
337052.375	3064972.75
337052.6563	3066702.25
337053.1563	3066335.5
337053.5	3066324.5
337054.4688	3063210.25
337058.125	3065734.75
337058.7188	3064500.75
337058.7813	3065270.5
337058.9688	3065682.5
337059.1875	3064332.25
337059.875	3066534.75
337059.875	3064487.75
337059.9375	3067629.5
337062.4688	3065680
337063.25	3066786.5
337067.3125	3065672
337069.2188	3063711.75
337069.7813	3064694.75
337070.7813	3065864.75
337071.4063	3064653.75
337071.4688	3066466.5
337072.4375	3066180.75
337072.875	3065706
337072.9063	3065122.5
337079.3438	3064423.25
337079.4063	3067005
337080.3438	3066677
337082.5938	3063493.25
337082.7813	3063074.5
337083.5625	3063200.5
337084.7188	3064403.75
337085.4063	3066898.75
337086.2813	3064147.25
337087.9375	3064574.5
337091.25	3064395
337092.4375	3064368
337093.125	3067013.75
337093.1563	3063192.5
337095.0625	3064668.75
337097.0313	3066464
337099.1875	3067513.25
337099.5313	3064681.75
337099.8438	3062590.5
337099.9063	3063924.25
337099.9063	3067574.75
337100.25	3066586.25
337100.7813	3062912.5
337101.4375	3067629.5
337101.7188	3064369.75
337103.0313	3066518.25
337103.7813	3063806
337106.875	3066778.75
337107.7813	3065592.5
337108.125	3063804.25
337108.3438	3065081
337109.2188	3066994.5
337111.3438	3066490
337112.0625	3063499.25
337112.8438	3066580.75
337113.4375	3066920.5
337116.875	3067248.5
337118.7813	3065521.75
337119.0938	3062156.25
337120	3066060.75
337121.7188	3064188.5
337123.2188	3066603.25
337126.4375	3064318
337126.4688	3064379.75
337127.7813	3066804
337129.5625	3064108.25
337130.8438	3063167.5
337132.5313	3065532.5
337132.8438	3066649.75
337134.4375	3062298
337134.4375	3062645.75
337136.1875	3066500.25
337139	3064256.25
337140.8125	3065049
337141	3065206.25
337141.0313	3063788.75
337142.3438	3066166.25
337143.5	3064455.75
337146.6875	3064903.25
337147.0938	3063335.75
337148.75	3063890.25
337148.75	3064344.75
337149.1563	3065127.25
337149.4063	3063785.25
337150.625	3067274.25
337152.625	3062239
337156.2188	3062564.25
337156.5625	3067054.25
337159.6875	3064887.75
337162.625	3067629.5
337162.6875	3067571
337164.5625	3066632.25
337165.0313	3062301.75
337166.4375	3066628.25
337166.8125	3064984.5
337166.9688	3066670.25
337167.0313	3065483.25
337168.25	3067497.25
337172.2813	3064960
337173.3438	3066832.25
337173.375	3066511.25
337176.5	3064147.5
337179.2813	3065035.75
337179.5625	3064306.75
337180.1875	3062672.75
337181.1875	3064660
337181.5313	3062723.75
337182.2188	3064936.25
337182.3125	3066291.25
337184.4063	3066163.25
337184.7188	3063236.25
337185.8438	3066657.75
337185.9375	3064641.5
337186.5938	3065065
337188.1563	3064361
337188.7188	3065029.25
337189.875	3067463.75
337192.6875	3064389.25
337192.875	3062663.75
337194.5625	3066558.25
337195.3125	3065509
337195.375	3063254.75
337195.4375	3065122.75
337196.125	3064866.25
337196.375	3066944.25
337196.6563	3066518.75
337196.6875	3064492.5
337197.125	3063879.75
337198.0938	3066158.75
337200	3063532.25
337200.4688	3065027
337202.0938	3065728
337202.0938	3067518.75
337203	3066597.75
337203.625	3063721
337203.875	3066723.5
337204.3438	3064954.5
337207.3125	3064935.25
337208.8438	3067248
337208.9063	3063766
337209.3438	3066150
337210.5938	3065022
337210.7188	3062898.25
337212.25	3064644.75
337212.5	3066554.75
337212.875	3064050.25
337214.2188	3065842
337214.2813	3065730
337215.7813	3062144
337218.2813	3065702.75
337221.625	3066944.5
337223.625	3066812.75
337223.8125	3064041.25
337224.9375	3067629.5
337225.4375	3066830.25
337226.4375	3063305.75
337228.4063	3067538.25
337228.9063	3065057
337230.25	3063134.5
337232.8125	3066568.75
337233.125	3066852.25
337234.2188	3062642.5
337234.4063	3062214.5
337236.9375	3062898.75
337237.0313	3066708
337238.8438	3066908.25
337241.5625	3065663
337242.1563	3062716
337245.7188	3064828
337246.0313	3067629.5
337250.4688	3066548.75
337251.5313	3063564.25
337254.9688	3066818.25
337255.125	3066665.5
337256.25	3064882.5
337257.0938	3065737.5
337257.9375	3066530.5
337258.0313	3062434
337260.1875	3064269.75
337260.375	3062468.75
337263.5625	3065303.75
337265.25	3064553
337267.125	3067626.25
337267.9375	3067629.5
337268.4688	3064372.25
337271.7813	3064593.75
337274.0938	3064613.5
337274.9063	3066535.5
337278.2188	3065220.75
337279.875	3065352.25
337282.125	3065741.75
337284.0313	3064444
337288.5313	3066628.5
337289.875	3062147.25
337290.3125	3064505.25
337290.5625	3064305.25
337292.25	3066699.75
337292.2813	3062144
337292.4688	3063743.25
337294.25	3066893.75
337295.5938	3066758.25
337297.1563	3066719.5
337302.0938	3063867.5
337303.5	3066511
337303.7188	3063572.25
337304.625	3064360.75
337306.5938	3067593
337307.2188	3067227.5
337308.5	3067302
337308.7813	3067318.5
337311.3125	3064321
337311.375	3062223.25
337312.7188	3066947.75
337313.4063	3064612.5
337313.5938	3067132.5
337314.1875	3064224.75
337317.0938	3066498
337328.625	3064435.5
337329.6563	3065459.25
337332.3438	3064263.5
337335.8438	3065224
337335.9688	3066992.5
337335.9688	3067347.25
337336.3438	3065374.25
337337.0938	3066793.5
337338.1563	3064491.5
337339.9375	3064343
337340.4063	3066768.25
337342.5313	3065838.75
337343.0625	3063913.25
337344.2188	3063649
337344.7188	3065751.25
337346.5938	3066753
337347.3438	3064031.5
337352.6875	3065458.75
337353.1563	3066874.75
337353.2188	3064188.75
337353.2813	3063691.25
337353.9063	3066720.75
337354.2188	3067629.5
337356.125	3066541.75
337358.0938	3066701.75
337358.4063	3064642.25
337359.1875	3064963.25
337360.1875	3064746.75
337361.5313	3063677.75
337363.0938	3064965
337364.3438	3066872.5
337365.5313	3066960.25
337370.0625	3067167.5
337372.5313	3062335.5
337374.125	3064203.5
337374.3438	3065148.25
337376.1875	3062348.75
337377.9375	3063709.75
337378.4063	3066995.25
337380.875	3065263.5
337384.5938	3065452.5
337386.0625	3062356
337387.0625	3066952
337388.6563	3065765
337390.25	3065750.25
337391.7188	3064722.5
337391.7813	3067341.5
337392.0625	3067133.75
337393.0625	3067182.5
337395.0938	3062144
337395.4375	3062371.75
337396.9688	3066779.75
337401.5	3064234.75
337402.4063	3067124
337402.4688	3062192.75
337407.4688	3065275
337408.6875	3067236
337411.4063	3062241.75
337412.4063	3065440
337415.0938	3064093.75
337417.625	3062144
337418.4375	3064183.25
337418.7813	3064807
337424.0625	3066796.5
337424.625	3065165.75
337427.25	3062177.75
337428.0625	3066995.25
337429.25	3067000
337429.375	3062338.5
337432.4063	3064296.25
337433.4375	3067534.5
337434.8125	3067201.75
337435.7813	3064290.75
337437.4063	3065289.75
337438.375	3064006.25
337439.0938	3063829.25
337439.1563	3064558.25
337441.9688	3066978.5
337443.6563	3064413
337452.9688	3064123.75
337453.4063	3064970.75
337456.625	3062305.5
337458.375	3066491.5
337459.125	3064501.25
337460.0625	3064884.75
337461.2188	3067282.25
337465.25	3064467.5
337467.75	3065393.25
337468.2813	3066573.75
337470.5625	3065044.5
337472.2813	3064272
337472.6875	3065367.75
337476.7188	3064061.75
337477.3438	3064120
337480.9688	3066796.25
337484.2188	3066573.25
337485.625	3066782.5
337487.8125	3065395
337488.7813	3064650.75
337490.2188	3067211
337494.75	3064846
337495.9375	3066634.5
337504.1563	3065191.25
337505.5313	3062334.5
337506.4688	3063200.5
337508.9688	3062144
337509.375	3062149.5
337510.8438	3063964.25
337516.0313	3067330.5
337521.7813	3065395
337523.5	3065323.25
337525.1563	3062198.75
337526.5938	3067629.5
337527.75	3062216.5
337534.625	3064057
337538.0313	3065143.25
337539.0938	3064812.5
337539.4375	3065337.5
337542.5938	3064023.75
337548.375	3062348.5
337548.8125	3062340
337548.8438	3062298.5
337549.0625	3062309.75
337549.5313	3062325.25
337549.6563	3062322.5
337557.5938	3066943.25
337561.3438	3062453.75
337562.8125	3065256
337563.5625	3062452.75
337564.7813	3066812.75
337567.3438	3063952.75
337570.5313	3064155.75
337571.4375	3063963
337576.9063	3062144
337577	3064594.5
337579.3438	3064092.75
337579.5313	3062150.75
337579.9063	3065086.25
337583.125	3067384.5
337583.8438	3064943.25
337585.5625	3066444.75
337586.2188	3065238.25
337589.4063	3065260.25
337591.6563	3066824.5
337593.2813	3062293.5
337603.25	3066927.75
337610.5938	3066436.25
337617.6563	3064574.25
337622	3064569.25
337626.0313	3066500.5
337630.5	3062423.25
337633.75	3064278.75
337640	3063918.25
337640.3125	3065183.75
337640.75	3064215.75
337644.875	3066485.5
337647.1875	3064520.25
337656.5313	3062302
337656.625	3066419.75
337656.8438	3065159
337663.8438	3067326
337665.375	3064262.75
337666.4688	3063907
337671.1875	3066614
337671.5313	3065109.25
337675.5625	3065134.25
337678.0625	3062746
337679.8438	3066332.5
337683.0938	3065077.25
337684.9063	3066343.25
337685.25	3065119
337686.625	3066544.75
337688.125	3062632.5
337688.5313	3067325.5
337691.0938	3065180
337694.125	3066529
337694.5938	3066375
337695.6563	3062368.25
337701.25	3064476.5
337704.6563	3066399.25
337705.9375	3065036.75
337708.8125	3067502.5
337713.0938	3064945.25
337713.5313	3066872
337722.0625	3065938.75
337722.9375	3067325.25
337727.6563	3067202.75
337729.6563	3066360.25
337732.9375	3067246.25
337740.5938	3066331.75
337741.8438	3067203.75
337743.625	3065030.75
337744.7188	3064626.25
337746.1875	3064414.25
337749.3438	3062308.25
337749.75	3062295.75
337752.6563	3062274.75
337755.75	3066447.75
337759.375	3066976.5
337766.625	3067147.25
337769.5	3066501.75
337769.6875	3063082
337774.4063	3066167.5
337779.3438	3062144
337780.1563	3066304
337780.7188	3066351.75
337781.2813	3066439.75
337784.9375	3063071.75
337785.875	3062158.5
337785.9063	3063193.5
337786.4063	3066326.25
337799.4375	3067543.25
337800.75	3066476.5
337800.7813	3066626
337801.7188	3066409.5
337801.9688	3066434.5
337804.0625	3064526.5
337812.3438	3063137
337813.1563	3064641.75
337814.4063	3064650.5
337815.5625	3063055
337821.5	3063178
337824.5938	3062267.25
337824.6875	3062144
337825.3438	3062289.25
337825.4063	3062147.5
337825.8125	3062303
337826.0625	3064047.5
337826.25	3062315
337828.25	3066950.25
337829.9688	3066224.25
337834.3125	3062302.25
337835.4688	3066321
337837.375	3062288
337841.8438	3066091.75
337845.9063	3062144
337853.5	3067427.25
337854.1875	3063142.75
337854.9375	3066429.5
337855.2813	3062268
337855.5313	3066701.25
337856.0625	3063147
337862.0625	3066463.75
337865.1563	3066810.75
337866	3064955.75
337869.25	3066968.5
337871.8125	3067368
337872.625	3065970.25
337878.5	3063347.5
337881.2188	3062392.25
337881.375	3066536.5
337883.125	3065928.5
337884.6563	3062144
337885.0625	3066669.75
337885.1563	3066554
337885.7813	3065037.5
337886.3438	3064921.5
337892.5938	3066379.5
337894	3065132.75
337894.3438	3063318.25
337894.625	3065019.75
337894.8438	3066420
337899.5625	3066654.25
337900.125	3066011
337900.625	3067629.5
337901.1875	3062280
337901.75	3066555
337903.7813	3066480.25
337904.9375	3062264.75
337905.3125	3062294.5
337908.4375	3065097
337911.3438	3062301.25
337911.6875	3065011.75
337915.0313	3066520.75
337916.1563	3066526
337922.6875	3065111.5
337923.7188	3066561.75
337929.0313	3065128.75
337930.2188	3066278
337931.7813	3067499.25
337934.25	3066377.25
337934.5625	3066355.25
337938.75	3066478
337942.2813	3065303.5
337943.2813	3062144
337943.5625	3063360.5
337943.8438	3065165.75
337944.875	3064863.75
337950.75	3065138.25
337951.5625	3063359.75
337951.8125	3067421.5
337955.2813	3063366.25
337956.0625	3065137.5
337956.9375	3066354
337957.625	3067078.25
337961.9375	3066276
337962.75	3065088
337965	3065133.5
337966.8438	3065221.25
337968.0938	3067493.75
337969	3065155.25
337972.9375	3066374.25
337975.6563	3066475.75
337976.3125	3065115.25
337976.7813	3066518.5
337977.0313	3065172
337986.625	3067368.5
337991.5	3065206.75
337997.1875	3066589.5
337997.25	3066616.75
337997.3125	3066095.75
337997.6563	3066575.5
337998.5625	3067406.75
338008.875	3065322.5
338011.5	3066365.75
338013.375	3067468.25
338019.0625	3066517
338020.125	3065273.25
338020.4375	3066867.75
338023.75	3065056
338029.5313	3065294
338032.9375	3066558.75
338035.2813	3066399
338039.8125	3066579.5
338043.6875	3062927.5
338043.7813	3067358.5
338044	3067375.5
338044.3438	3065413
338048	3066603.5
338052.3438	3067377.75
338052.7188	3067414.75
338053.7813	3066620.25
338057.3438	3066461.25
338060.4688	3066515.75
338061.5625	3065563
338063.6563	3062218.75
338068.6875	3065827.25
338075.9063	3065793.75
338077.5625	3066898.75
338084.0313	3065396.5
338084.7813	3063190.75
338087.9375	3066552
338088.3438	3066579.75
338088.6563	3066600.5
338088.9063	3066671.5
338092.8125	3065732.5
338093.7813	3065420.5
338104.1563	3062250.75
338107.7813	3067288.25
338112.25	3066948.25
338114.125	3063017
338116	3062274.25
338116.9375	3065801
338119.25	3065596.75
338120.3438	3062284
338122.5	3066581.5
338125.9688	3065740.5
338127.375	3066672.75
338128.4063	3066513.25
338130.3125	3066465.5
338131	3067015.75
338131.4375	3065441
338134.5	3065323
338137.375	3063262
338137.5	3066666.5
338139.4375	3066633
338147.0625	3066701
338147.5	3066569.25
338148.4375	3067106
338152	3063198
338153.2813	3063200.25
338154.375	3067629.5
338156.2813	3065385
338157.3125	3062182
338157.5313	3066772.75
338159.5313	3066512.25
338160.375	3066563
338162.6563	3067549
338171.125	3066634
338171.375	3063228.75
338172.0938	3067114.75
338172.4063	3066557
338178.2188	3066634
338180.8125	3065256
338184.3438	3066812.5
338195.0625	3066773.5
338199.3438	3066544.25
338200.6875	3066510.5
338201.5625	3066465.25
338203.5	3066632.75
338204.5938	3063204.25
338206.4375	3066986.75
338208	3062448.5
338209.4375	3063699.75
338210.4063	3063352.75
338212	3065275
338216.9375	3066677.5
338219.2188	3066750
338220.5938	3066740
338220.6875	3066776
338222.2188	3066811.25
338222.625	3067227.75
338232.375	3067629.5
338234	3067103.75
338236.375	3062266.75
338237.8438	3062144
338242.5313	3066905
338243.125	3062158.5
338250.3438	3062249
338250.5313	3066856
338252.4063	3063324.25
338253.7188	3066909.5
338255.0938	3067059.75
338255.8438	3066510.25
338256.1563	3066811
338256.25	3062517
338256.4375	3066749
338257.6875	3066571.5
338258.3125	3066592.75
338259.4375	3066629.75
338259.7813	3067066.5
338260.125	3067617.75
338260.6563	3066666.5
338263.4063	3066749
338264.2188	3067012.25
338268.7813	3066974
338269.6563	3067080.75
338274.375	3062238.25
338281.2813	3067026
338283.1563	3062269.75
338284	3063304
338288.2188	3063301.25
338288.6563	3062637
338292.1563	3066509
338294.375	3066591.75
338295.7188	3067554.75
338297.375	3063317.5
338299.25	3066910
338306.25	3066810.75
338313.1875	3063861.75
338313.375	3067514.75
338313.5625	3067627.5
338319.6563	3062334
338322.4688	3067058.75
338325.5938	3064553.25
338326.75	3067551.5
338330.9375	3066450.25
338331.0313	3062955
338331.5313	3062691
338333.7813	3066490
338334.7813	3066506.25
338335.25	3066561.5
338335.3438	3066590.75
338335.5313	3066596.75
338336.375	3062258
338336.375	3066629.25
338337.3438	3066663.25
338337.5	3062265.25
338340.4688	3066747.25
338342.5625	3066811
338343.9063	3063899
338344.2813	3066867.75
338345.5313	3066908.5
338347.0625	3066951.75
338349.5	3067045.75
338355.5	3062329.5
338363.5625	3062144
338369.9688	3066489.75
338370.7188	3063486.75
338370.9375	3066560.75
338373.5313	3066746.5
338378.4063	3066865.75
338379.1875	3063805.5
338380.3438	3066950.75
338380.4063	3063011.75
338381.5938	3067281.25
338381.8438	3067036.5
338384.375	3063535
338386.125	3062805.75
338387	3064724.25
338389	3067155.5
338389.0938	3066559
338389.9688	3062229.5
338390.6875	3066594.5
338392.8125	3066628
338394.375	3063520.75
338400.4063	3066431.5
338401	3062434
338402.5	3066486.25
338405.7813	3066745.5
338405.9063	3066558.75
338407.1875	3064147.75
338408.125	3063877.25
338410.7813	3066863.5
338412.0938	3063874.25
338414.0625	3067026.25
338414.0625	3066949.75
338416.7813	3066662.5
338419.5625	3066745.25
338422.5625	3066319
338424.7813	3067462.25
338428.625	3067629.5
338434.0938	3067123.5
338435.9688	3066484.75
338436.8125	3067549
338439.2188	3067205.5
338440.375	3066558.25
338440.6875	3066744.75
338442.0625	3067018
338443.125	3063752.75
338443.4375	3066863.5
338445.0625	3066390.5
338447.4375	3066948
338447.5	3062688.75
338448.125	3067016.25
338448.8125	3067342
338450.4688	3062711.25
338452.4375	3064146.75
338452.6875	3063504
338459.625	3066441.75
338460.9063	3066446.25
338461.9063	3062604.75
338465.25	3062144
338465.25	3067607.25
338466	3067341
338466.4375	3067100
338470.0625	3064146.5
338471.2188	3066482.25
338472.6875	3066523
338473.4063	3066559.5
338473.4063	3066600.5
338473.5313	3066627
338474.6563	3066662
338477.25	3066743.25
338479.1563	3066863
338479.2813	3063723
338480.9063	3066905.5
338483.1563	3066948
338484.9688	3067005.5
338485.875	3067080.5
338488.8438	3063938.5
338489.125	3062254.5
338489.625	3062219.75
338492.6875	3067587.75
338493.3125	3064078.25
338495.4688	3064146.25
338498.1563	3067340
338498.1563	3064230
338500.625	3067553.5
338500.625	3062991
338500.6563	3066396.75
338501.9688	3066353
338503.0625	3066439.25
338508.0938	3067605
338508.2188	3067367.25
338509.875	3064432.5
338513.25	3063692.5
338514.9688	3066600.75
338516.2188	3066640
338517.375	3066682
338518.0313	3066706.25
338518.9063	3067629.5
338522.5625	3066861.75
338523.9688	3067181.25
338524.0313	3066904.75
338525.5938	3066994.25
338527.4688	3067082.5
338530.1563	3067333.75
338532.5938	3064499.75
338544.6875	3067578
338556	3066860.75
338557.9375	3066739.25
338565.6563	3067122.25
338568.9063	3064076
338569.75	3064145.25
338570.6875	3064218.25
338572.75	3063916
338582.625	3067425.25
338583.125	3066392.75
338584.4063	3066434.25
338585.625	3066474.5
338587.0938	3066518.75
338589.2813	3066638.25
338610.125	3066901.5
338624.875	3067546.25
338640.5625	3063194.5
338649.7813	3062332.75
338653.3438	3067177
338653.7813	3066720.75
338654.375	3067001.25
338676.4375	3063610.25
338677.8125	3062216
338685.375	3064705.5
338690.2188	3067078
338693.375	3062226.75
338707.0313	3063539
338759.75	3066555.5
338832.2813	3062452.75
338848.1875	3067501.75
338848.1875	3067332.5
338848.1875	3066590
338848.1875	3066262
338848.1875	3066336.5
338848.1875	3065781.5
338848.1875	3064027.75
338848.1875	3062902.25
338848.1875	3062228
338848.1875	3062192.5